1.8904
2.9154
0.1347
2.6000
0.0456
1.8374
1.6081
1.1585
0.6846
0.7878
0.6344
0.2028
0.4057
1.0609
0.5057
0.8429
1.7731
1.7074
0.5876
1.7166
0.3272
0.0996
1.5130
0.3452
0.3830
0.4385
0.0013
4.0438
0.3087
0.3681
0.6169
0.1109
1.1783
0.1508
0.7191
0.7544
0.1522
0.0590
1.3202
0.5489
0.4951
2.3339
2.0289
0.5581
0.7429
0.4661
2.1711
3.2103
0.2362
1.4013
0.8067
0.2309
0.4529
0.7952
0.8600
0.2124
0.7615
0.0026
1.2979
3.6592
0.2679
1.9855
0.3261
0.5912
0.1876
0.2726
0.9079
0.8357
0.5832
0.8617
0.1600
0.3442
0.8494
1.6457
0.2097
0.3679
1.0439
2.1995
0.4765
1.5997
2.7222
0.7724
0.8845
0.2468
0.4863
0.1702
0.2727
0.0170
1.1347
0.7264
0.2960
0.8208
1.0420
0.0251
2.1704
0.5213
0.0519
3.1402
0.1115
0.6143
1.9843
1.2258
0.6833
0.3155
0.6593
0.5447
2.4914
0.9829
2.5360
0.5944
0.2640
0.2634
1.4066
2.9103
0.0286
0.2610
0.0156
0.3013
0.4152
0.0808
0.4475
0.1731
1.3578
0.9135
1.5171
2.6068
0.0351
0.1952
0.4212
0.1790
0.6657
0.0148
1.8469
0.0476
0.2777
0.4090
1.5418
1.4294
0.6409
0.6247
0.5968
1.4284
1.2922
0.8099
0.7840
0.3371
0.3756
1.2961
0.5747
0.0051
0.9018
0.0310
0.2131
0.5792
1.0234
1.4843
1.0702
0.2491
0.8657
0.0189
0.4475
2.4478
0.0401
0.2684
0.5249
0.5212
0.0807
0.2034
0.2010
0.1890
0.0118
0.4025
0.5134
0.0943
1.9876
0.4320
1.8413
0.0871
0.8419
0.6518
0.8030
1.4985
0.1350
0.4924
0.2294
0.4125
0.1170
0.1253
1.5847
1.6970
0.5264
0.8239
0.8038
0.5794
0.3221
0.5757
0.8793
1.2217
0.4260
0.5546
0.6161
0.1597
1.4237
1.1555
0.2217
2.0667
3.6394
0.3907
1.7850
0.5844
0.4711
1.0997
0.5075
0.7289
0.3278
0.7753
0.7630
0.7169
0.2428
1.2488
0.5252
0.1246
0.4446
0.8051
0.9443
0.7388
1.3576
0.7669
2.1849
0.5713
0.6373
0.1704
0.1462
1.5646
0.0090
1.2919
0.7389
1.9679
0.1957
0.7946
0.2261
1.0286
0.8681
0.5008
1.7174
0.0035
1.4349
0.1989
0.5764
0.2614
0.8566
1.7425
1.3686
0.6966
0.5742
2.2550
0.0282
0.1541
0.7233
0.1784
1.3395
1.9081
0.5442
0.7436
0.0668
2.0571
0.3329
0.7093
0.2420
0.8336
0.8974
0.8502
0.5985
0.4395
1.8830
1.9693
1.0889
0.2044
0.1573
0.3227
0.4708
1.3779
0.3239
0.1353
0.4581
0.3317
0.2933
1.0970
0.3092
0.2049
0.0698
1.5071
0.3163
0.1719
0.5530
0.5389
0.4130
0.0000
0.0195
0.7685
2.9309
0.8747
0.7699
1.7765
0.5901
1.0379
0.0041
2.2290
0.5594
0.1201
0.9463
0.7811
0.1274
0.5813
0.0594
0.5067
0.2913
0.2887
0.1611
0.7928
0.5811
0.0264
0.0441
0.0002
0.5074
1.9327
1.0885
1.7829
0.6442
0.0686
1.0448
0.3552
0.3604
0.0002
0.0846
0.2516
0.0539
2.2624
0.3807
0.0138
0.6204
0.1860
1.5782
0.1034
1.5651
0.1042
0.1179
0.7248
1.8197
0.5359
0.9001
0.0738
1.7706
0.6035
1.1240
0.1941
0.1675
0.7271
0.0015
0.5356
0.1149
0.9640
0.0984
1.2629
0.8451
0.8246
0.3375
0.0383
0.1757
0.4633
0.4242
1.9089
0.1154
0.0237
0.1601
0.2777
1.1535
0.1361
0.1810
0.6126
3.1091
0.1993
0.0137
0.1160
1.0021
0.2217
0.0494
1.1308
0.1958
1.1581
0.0237
0.1519
0.3913
1.1249
0.1416
0.8308
0.4452
1.3812
1.0216
0.2140
0.7574
0.6795
0.3608
0.3456
0.9719
0.0349
0.0783
0.2692
0.1154
0.8901
0.7035
0.2461
0.1572
0.9003
0.2752
0.5062
0.6874
0.6478
0.3821
0.0667
1.3436
0.2436
0.2216
0.3481
1.3886
0.2611
0.1827
0.4069
0.3659
0.8281
0.7164
0.6385
1.2559
0.1026
0.3708
0.1720
0.0400
0.2816
0.2513
0.0531
0.2386
1.4603
0.2302
0.4323
0.5266
1.3623
1.5065
0.1981
1.6715
0.5533
0.0278
0.3864
0.6428
3.7415
0.5418
0.2959
1.0347
0.1753
0.0791
0.7687
0.3226
0.1641
2.0389
0.4347
0.3665
0.6690
0.5146
0.4682
0.8008
0.3761
0.1946
0.9614
0.5465
0.5898
0.2867
0.9474
0.0002
1.5441
2.1251
2.1070
0.1039
0.0365
0.3361
0.3930
0.1144
0.7286
0.0206
0.2966
4.5635
0.0433
0.8967
0.5737
0.0012
0.2265
0.0502
0.8109
0.6322
0.1956
0.7702
0.9787
0.9776
0.2989
0.3240
0.0011
0.4099
0.1615
2.0862
2.0914
0.2268
0.1341
0.1285
1.4186
0.5423
1.2184
0.3447
0.0199
0.2534
0.0015
0.2150
0.0234
0.5987
0.0153
0.0776
1.6687
1.4381
2.0569
0.9605
0.0887
1.0423
0.2662
0.2324
0.1813
0.2803
0.0742
1.0663
1.4277
0.0153
0.0001
3.3072
0.5777
0.7455
2.3350
1.9538
1.0684
1.5902
0.5173
0.3676
0.2608
0.2799
1.1846
0.2506
1.3711
0.1987
1.0780
0.3267
0.4901
0.3237
1.9222
0.8371
0.0219
0.5937
1.1233
1.4788
0.4062
0.0728
3.8096
0.0479
0.8105
0.8839
0.2882
0.6804
0.0955
1.3449
0.7062
0.7729
0.1850
0.5017
0.4513
0.7290
1.4818
0.0919
1.2533
2.5931
0.2304
0.0027
0.3905
0.2206
0.7643
1.2538
0.4069
2.3746
0.0987
0.7455
0.5364
0.0391
0.0586
0.7352
0.3054
0.5045
0.2753
0.8025
0.4239
0.2356
0.0553
0.4466
1.2497
0.4033
0.7118
0.1334
0.9651
1.1190
0.9249
0.3606
0.0515
2.4532
0.1483
1.3708
0.7093
1.2609
0.7727
0.0457
0.1827
0.0128
0.2361
0.0932
3.1376
0.0002
0.3045
0.0303
0.1233
0.6603
1.3944
0.3026
1.1104
0.4918
0.8236
0.7799
0.4284
0.0000
0.5012
0.8566
0.1946
0.7451
1.5355
0.5506
1.9173
0.4220
0.6524
1.4643
0.3288
1.9207
1.4480
0.0919
1.9105
0.5432
0.8155
1.7149
0.1140
0.2860
0.4496
0.2383
0.8012
0.0606
0.6571
0.5053
0.6379
0.3474
1.7314
0.0065
0.1584
0.2995
0.8625
1.9624
0.7788
0.7679
0.1061
1.4984
1.0401
0.7565
0.3234
0.2322
1.2594
0.8450
0.8446
0.8092
0.3840
2.6134
0.0614
0.4946
0.5106
1.3987
0.7857
0.7289
0.9168
0.4436
1.1044
0.2598
0.3777
1.0111
0.0853
0.1733
1.0982
0.2792
0.3358
0.1654
0.9463
1.8490
0.8025
0.6603
0.1933
0.5547
0.0366
1.3061
1.0219
0.8956
0.5446
0.3198
0.8445
0.1532
1.0306
0.2316
0.6757
0.7020
0.1820
0.0326
0.2849
0.2137
0.1807
0.0347
0.0135
0.0124
0.5881
0.9909
1.7814
0.0807
0.6940
0.5026
0.1926
0.3746
1.1873
0.3054
0.2581
0.5275
0.1416
0.4373
1.9091
0.1463
0.2249
0.9882
0.6686
1.1215
0.4518
1.3604
0.3188
0.7817
0.7769
0.0233
0.4288
0.5525
1.5419
0.4257
0.4415
0.4733
0.1402
1.8197
0.4465
1.2117
1.9150
0.5601
0.8682
0.3898
0.3352
1.1261
0.1238
1.4376
0.4614
0.9189
3.8583
0.8795
0.8670
0.0025
1.4744
0.1123
0.4304
0.5245
0.2758
1.4651
0.4438
0.4076
0.7786
1.5515
0.7146
1.7040
0.3393
0.2914
0.0365
0.2101
0.6953
0.2111
0.5420
0.0352
0.2712
0.3265
1.0280
0.6761
0.7811
1.3737
0.3128
0.3428
1.3196
0.5218
0.3393
0.4625
0.4651
0.0908
0.7649
0.0280
0.5309
0.5458
0.5182
0.4898
3.0895
0.1497
0.2782
0.6868
0.7714
0.2793
1.0603
0.0421
0.2660
1.0167
0.1723
1.0105
1.2830
0.1415
0.6624
0.1823
0.5280
0.2053
1.8275
1.7717
1.0106
0.1724
0.6724
0.0926
0.3966
0.1081
0.6009
0.1294
0.4662
0.0178
0.7116
1.6550
0.6462
1.4637
1.5244
1.4004
0.5323
1.3170
0.1144
0.0054
1.4235
0.0807
0.4400
0.3257
0.3631
0.9356
0.7854
0.2573
0.5117
1.1061
1.4182
0.2522
1.2484
0.7944
0.1344
0.3871
0.1160
0.3117
0.5352
0.0937
0.4066
0.2117
0.0348
0.3611
0.0254
0.6047
1.8465
0.7234
0.4206
0.8829
0.0028
0.3422
0.5511
0.2104
1.4781
0.5119
1.2808
0.2198
0.9686
0.2250
0.3598
0.2103
0.8555
0.6805
0.0414
0.2813
0.0215
0.2762
1.2884
0.0124
0.4064
0.3680
0.1842
0.4129
0.5296
0.3246
0.6916
0.2231
0.2047
0.1824
1.5757
1.3237
0.3612
0.3955
0.8055
0.8359
0.3763
0.2769
0.2998
0.0378
1.0515
0.4512
0.5273
1.4355
0.0154
1.1481
0.0622
0.1269
0.0148
0.4422
0.4595
0.6140
0.0866
1.4205
0.0615
1.0186
0.7810
0.0366
0.2354
1.8121
0.4553
1.0604
1.9090
0.5768
0.4380
0.3490
0.4002
0.7570
0.9746
1.1873
3.0130
1.2907
2.4562
0.4581
0.0000
0.3897
1.1889
0.4648
0.0000
0.3144
0.5643
0.1631
0.0864
1.8348
1.0523
0.5592
0.0205
0.2193
0.2781
1.9501
0.9615
0.1860
1.7960
1.1861
0.5551
0.7152
0.8718
2.3049
0.6364
0.9464
0.1954
3.4269
0.0405
0.0371
0.4000
0.3208
3.0897
0.9796
0.1338
