0.0969
4.1990
4.8708
1.7778
8.6857
1.6822
0.4262
2.2562
0.6380
3.3437
0.8086
7.2059
0.5464
1.0516
3.8290
5.9358
4.7409
5.4216
0.1906
1.9191
4.0551
5.7920
2.0896
2.0257
0.2106
1.0966
0.3145
0.9152
0.1277
2.2475
1.1266
1.2591
5.2772
1.5293
2.6540
2.1433
1.4702
0.3154
0.3123
2.4357
0.0103
1.7717
4.7241
3.7998
3.1323
2.0316
0.0002
0.2779
2.5190
0.7646
0.5749
0.6706
4.5385
2.6887
0.3354
0.3055
8.6143
0.9115
0.9687
0.0000
2.0210
0.4925
2.1076
0.1454
0.2190
0.8896
1.0467
0.0179
0.0847
0.6350
0.8614
2.7565
1.9941
0.3638
0.0807
1.5190
0.0986
0.8145
1.4557
1.9059
0.1021
1.7887
4.0411
3.0025
0.2738
0.9481
1.5388
0.8951
2.3171
4.1042
0.2076
0.3604
0.6771
1.3926
1.2319
1.5788
0.4108
0.2442
3.1472
0.6281
1.8005
0.2353
0.4304
1.6520
2.8920
0.6193
3.1570
0.5840
4.7298
0.4314
0.0787
3.1201
2.8552
2.7864
5.1058
0.0263
0.0543
2.5720
0.9763
0.0734
1.2298
0.9885
0.7747
2.9024
4.8190
1.3599
0.1886
3.0194
4.7129
0.1391
1.4656
1.2616
3.8964
0.0400
0.7640
0.3189
0.4843
1.2497
0.8839
0.6227
1.9635
2.0670
2.7200
3.7824
1.9264
2.1765
5.7423
0.1572
1.6737
0.7897
0.5377
0.0533
1.6514
4.3899
0.0681
0.6213
2.0329
2.5518
0.3218
3.1084
1.2409
0.8569
0.0887
4.9233
0.8944
2.2132
0.3702
1.3788
1.0414
2.5999
0.3332
2.4069
0.1471
0.6667
1.4869
1.1368
2.5360
0.3553
0.2000
2.8948
0.8258
0.9303
0.6587
1.0177
0.9955
0.1659
0.0000
0.0738
2.9933
0.0219
1.4486
2.8845
5.2509
1.1876
1.8622
1.6271
1.0982
1.2193
0.1960
0.4786
1.9229
0.2555
0.3009
0.8735
0.6353
1.1454
2.9612
0.1298
0.1754
2.2707
0.2482
2.3937
0.7596
0.7074
0.3752
0.3305
2.2034
0.1424
0.5334
1.0807
0.9030
1.7366
4.3291
0.4692
2.2854
2.7428
0.3825
4.6918
0.3905
1.5794
0.1562
1.3073
0.7225
0.4921
4.1539
1.8982
2.3458
0.2434
2.2152
0.1754
0.7802
0.0103
0.1045
0.4332
0.8382
2.4132
0.5472
1.2186
0.3240
0.5927
0.8678
0.5866
1.0941
0.9332
0.2908
1.0689
2.0312
2.0087
2.6519
0.4700
1.6517
0.5465
1.0004
2.2206
0.3117
1.3455
0.3257
0.4416
1.4372
1.3576
0.3699
4.0571
1.0474
1.2434
0.5440
0.8213
0.6101
0.3836
2.8081
0.2621
1.1065
0.9417
3.1230
2.0565
0.0173
1.2619
0.1066
1.8903
2.4941
0.1458
1.1012
1.9236
0.0021
0.6437
0.1413
2.6291
1.0150
2.0469
2.3436
0.7506
0.0846
1.1403
0.6139
0.2007
3.4675
0.0971
0.2067
0.7058
2.1138
0.9032
0.3146
2.8815
0.3622
1.9840
2.3026
3.7018
1.1661
1.3835
1.1764
2.1325
1.2679
0.1250
2.5944
0.6820
0.3186
0.4797
1.3191
2.0818
1.0267
0.0679
1.0572
1.2984
1.5990
4.0186
0.2574
2.3473
1.2566
2.9393
0.0350
1.3263
4.9096
0.8432
1.9236
0.7183
2.9010
8.1824
0.2567
0.2350
3.0778
0.0862
1.7552
0.4617
0.7614
1.2500
1.5092
3.8829
0.2801
0.0055
0.4657
0.4399
2.6306
1.1841
1.0003
0.0433
1.0853
3.2296
1.4431
0.3145
0.5000
1.9652
0.3633
0.6741
0.0009
1.3959
0.0129
0.3394
0.4008
1.0597
0.0364
2.0923
0.0000
2.3728
0.0891
1.0223
0.9695
2.0686
1.5596
6.8342
0.0044
0.5645
0.5308
1.0921
0.0089
0.2181
0.0956
0.2235
2.7892
1.0101
0.4967
0.1329
2.3609
0.2624
1.8634
1.5662
0.5025
1.4459
0.4527
1.4542
0.1169
1.0879
0.4200
0.5808
0.5260
2.9435
1.5344
0.1573
3.2467
0.2932
0.6960
1.0772
1.1464
0.1059
0.0730
0.4551
2.0988
0.8619
0.7083
0.1100
0.3194
0.9299
2.1494
0.7699
0.0349
0.4933
1.2946
4.2149
2.7702
1.5588
0.0025
1.5946
0.1427
2.3549
1.4592
0.3077
0.2665
0.7713
0.1812
1.1674
2.4520
0.1647
0.4924
0.9947
1.6762
0.7314
0.2182
0.8936
0.6932
1.5467
0.1723
0.1299
1.3641
0.7466
1.3471
1.3993
0.5887
0.0000
0.2133
2.1325
1.4445
0.4983
3.1384
0.2732
1.1604
1.9115
2.3151
0.9505
0.8606
1.4911
2.4123
1.6826
3.1931
0.4910
1.0039
0.4927
0.0000
0.5526
0.3568
1.9295
1.7028
0.1663
3.5893
3.7809
0.9747
0.1996
0.2117
0.7344
0.6095
0.3304
0.8714
1.6446
0.0623
0.1185
1.3047
3.1327
1.4268
3.9258
0.3848
0.5856
1.4005
0.2470
0.0195
1.5214
0.5643
0.2970
0.0144
0.0430
0.7170
3.8681
2.0097
0.6198
2.7958
0.1247
0.4335
0.0822
0.3833
3.3385
0.6201
0.4241
3.3428
0.4907
4.5145
0.1395
0.4814
0.3244
1.3422
0.2164
2.2777
2.1334
2.4849
2.0049
2.1566
0.1371
3.4281
1.9547
0.4662
0.0885
3.5147
1.2352
4.2517
1.5119
0.0189
0.0962
0.5635
1.6470
0.4337
2.1448
6.1340
0.9036
2.4089
2.4563
0.0054
0.6097
2.2291
0.0151
2.1461
0.7829
1.1313
1.3607
0.2296
0.0003
0.3237
1.2841
1.0174
0.4412
2.0540
0.3566
0.1721
0.3891
0.3532
0.9922
0.0343
0.2744
0.9394
0.4527
2.0626
0.1520
5.1649
0.5652
0.2543
1.0390
0.7953
0.1719
0.0318
0.3558
0.9297
0.3927
1.6632
0.1642
0.3355
2.3944
0.4809
0.0168
0.1188
0.1424
3.6425
0.2742
2.6654
0.2042
0.0467
0.0100
1.8906
0.7072
3.5217
1.1060
1.2858
0.0893
0.2191
0.2667
1.4317
2.9879
0.2701
0.2112
0.6728
0.1683
0.2506
1.0208
0.8048
3.9908
1.3490
1.5735
0.2379
1.5255
1.3786
0.2901
1.1317
2.4802
1.6924
0.7828
1.5113
1.5729
0.9825
1.1748
1.9999
0.0339
2.3790
0.0020
0.1286
0.9965
0.8983
0.6896
0.5770
0.9296
0.8131
0.9118
3.8354
2.4479
0.6592
0.9430
0.2204
1.0335
4.9751
2.0852
0.2093
0.6539
1.3452
0.1101
0.9694
1.8565
3.6892
2.9886
0.4229
1.7335
0.9786
2.6736
0.5790
0.0426
2.6554
1.5101
0.8191
0.3848
0.3125
0.3778
0.4146
0.9474
0.3419
1.9906
1.1080
0.0709
2.1797
0.2448
1.1352
0.8628
0.7098
2.0693
2.4499
0.2060
0.5718
1.4247
2.4203
0.1044
0.7053
0.3347
0.7058
3.4086
0.5433
0.5723
1.4351
0.7814
1.2275
2.3109
3.1332
1.1485
1.3103
1.1307
1.3968
1.0364
1.6647
0.1455
0.0199
3.1518
1.3654
1.0130
0.1221
0.2390
0.2821
0.4735
0.5617
1.3587
1.8158
0.3507
0.1465
1.8328
0.6271
2.2031
0.2452
0.3862
2.1087
2.5753
0.2266
0.0826
0.9009
0.3106
0.8541
0.6201
0.2088
0.5603
2.6529
0.4628
1.2887
2.3444
0.0814
0.2638
0.5379
1.4591
2.3910
2.3237
0.0620
2.4448
0.5002
0.3897
0.4227
0.8279
1.1289
0.1215
0.5452
1.7009
0.0473
0.3048
0.4240
0.0000
2.6185
0.1444
0.1827
1.0907
0.5314
0.7055
0.0590
1.0854
0.1382
0.5696
0.0000
0.5344
1.3702
2.8414
2.7589
6.0101
0.9059
0.5412
0.0072
0.2682
0.0089
0.3532
0.4950
0.8737
2.9918
0.2666
0.3319
0.7128
1.6498
0.3092
2.1037
0.5776
1.7000
0.8258
0.0108
0.0244
2.2322
0.7293
0.1404
2.0598
0.5302
0.4346
0.1719
0.2072
0.4745
1.2850
3.0426
1.2232
0.2902
0.6354
0.2492
1.3987
0.1287
0.2301
0.0064
2.7023
1.0580
0.0563
1.7929
0.3021
1.7427
0.0944
3.6372
0.2769
2.2448
0.1752
0.0219
0.1872
0.3824
1.0085
0.2988
1.3624
0.6805
0.0000
0.4628
0.2601
1.1892
0.8882
1.0079
0.0411
1.2932
0.5424
0.2912
0.6184
2.9350
0.0105
0.4665
0.6887
0.9372
2.7886
1.8717
0.7355
0.7752
1.3097
0.8001
0.1858
0.1781
0.6077
0.6640
0.3461
0.1404
0.3877
0.0202
0.3183
0.8645
2.6552
1.5784
2.0100
0.2578
0.2672
0.1087
1.1936
1.2447
0.1568
0.4539
0.0094
0.1749
0.0150
1.6189
1.0777
2.5383
0.9418
0.6447
0.8583
3.0589
0.6334
2.2634
1.1433
1.0288
0.0826
2.9213
0.0543
2.8288
2.3907
2.3776
0.4582
0.1173
0.4104
0.2887
1.0217
1.1599
3.2757
1.4064
1.1952
2.1372
1.4933
0.5043
0.1271
0.0824
1.3976
3.1727
3.0235
0.2535
1.5893
1.5744
2.1663
1.7723
0.1468
2.1402
0.5843
2.3859
0.8449
0.7844
2.0532
3.6698
0.0913
0.8634
1.1893
0.6056
0.2582
0.3350
1.8563
0.3137
0.1923
0.7181
0.2923
0.5978
1.7102
2.0248
1.3869
0.2294
0.6419
3.0615
0.6966
0.0847
0.1654
0.3083
0.4568
1.0543
2.0664
0.6681
0.4261
0.0609
1.7665
0.4103
0.2880
1.1029
0.5018
0.4272
0.1348
0.0070
0.6898
0.6829
0.8903
0.1175
0.9648
0.1864
0.3694
2.7742
1.2138
0.9018
2.7996
0.8900
0.4108
1.6929
2.7126
0.3237
0.1125
0.1446
0.4717
0.8448
0.2521
0.1816
0.0011
0.4804
0.7491
0.1330
1.7514
0.7577
1.4510
