9.9266
6.4959
12.9555
1.8763
3.2612
2.9903
3.4136
0.4262
1.6449
1.6066
3.9811
2.2279
3.2396
1.0674
0.7515
2.3464
0.9089
0.0000
0.1947
1.6707
0.5782
4.0701
0.4010
0.6687
0.5651
1.5339
0.0000
0.5019
3.0505
1.7755
3.6974
0.4961
0.4988
1.7426
0.5472
1.4312
1.0494
0.1093
0.4386
3.8198
0.7123
0.7625
1.4906
0.9481
0.9795
0.0076
4.3756
0.3762
0.9964
1.0831
2.7414
1.0804
0.9121
0.8857
0.0369
1.0365
0.8511
0.7233
1.6274
3.5758
1.1571
0.0848
4.7690
1.7052
1.2380
2.2326
1.6151
0.4005
0.3249
0.7145
0.4490
4.5398
0.5178
5.1857
1.1261
2.8001
7.0732
1.8517
1.0593
0.4038
0.4179
1.2867
0.7741
0.3050
0.6693
0.8968
1.3093
2.0828
1.8496
1.9945
0.5493
0.1591
7.7420
0.3443
2.0742
3.0042
0.0123
1.5592
1.2239
3.0558
3.0631
3.7732
1.8551
0.2777
0.0665
0.4516
2.5998
0.4388
0.6126
2.0747
0.6403
1.0907
1.5139
0.6736
3.4151
1.8598
1.6215
3.4201
0.0601
0.1687
0.3056
0.6337
0.7669
0.6851
1.7753
0.1512
1.8554
0.5631
0.4024
0.5194
0.0245
1.5780
1.1914
1.3561
1.8833
1.3554
1.3832
1.6852
0.0000
1.3658
4.0792
0.2503
0.1798
2.3608
2.4365
0.6774
0.0306
7.3716
2.6670
4.5016
1.9959
0.0235
1.1803
0.9042
0.8311
0.7223
0.0133
0.5202
3.1280
1.0327
2.2778
5.1824
0.1646
2.7686
0.4311
0.7477
1.0819
2.3169
0.0968
0.2818
0.9840
2.3683
1.0192
0.0262
1.1464
2.4996
1.9865
0.6306
3.3220
7.7699
5.8365
3.3558
2.2494
3.4631
1.7861
3.0290
1.5307
1.4463
4.3207
2.8445
0.6108
1.8339
1.2180
0.0101
1.4312
2.3851
0.2268
0.2370
1.6083
0.2130
1.8550
0.8108
0.8685
0.2015
2.5092
0.6705
0.5853
1.5784
0.5020
0.1787
0.4460
1.0357
2.2041
1.9623
0.3548
2.2747
0.0245
0.1592
0.6789
0.1602
3.2533
0.1739
1.4441
2.0173
0.0591
8.3394
1.3134
1.3397
0.7462
0.1681
1.0724
0.7798
0.3996
1.3134
0.9771
1.7045
0.1366
3.6029
0.8992
2.3478
2.4073
0.9289
0.7143
0.2641
0.3988
0.8715
0.7715
0.1914
0.3043
1.5067
2.7358
0.2074
3.2718
0.1979
0.5883
2.4075
1.8368
0.8532
2.8594
2.6397
0.5821
1.8986
0.3546
0.2537
2.4497
0.1167
0.4267
0.0563
2.1968
0.4635
0.9489
1.0214
0.5467
5.3160
0.4484
0.0867
3.5854
0.7688
1.4344
0.1175
3.6055
0.8691
0.1193
0.3067
0.3251
0.6064
4.0884
2.5314
0.7345
0.9655
3.9938
3.0698
7.2961
0.5879
0.5197
0.2817
2.4475
0.1467
1.6743
0.3164
0.8229
2.5680
0.1079
1.6558
0.6032
0.0891
1.2696
0.1172
0.0069
2.7418
1.2755
1.2232
0.6856
0.3876
2.9583
0.7162
0.6982
0.2403
2.2378
6.3267
0.5009
0.2465
0.8281
2.2862
1.7327
0.3522
1.1621
0.1936
0.8343
0.9689
1.9175
1.1862
0.7451
2.2022
0.5259
0.9940
1.2499
1.6702
0.1932
4.7740
0.0977
0.1085
1.9434
5.5014
0.3164
2.8458
0.2017
0.0369
0.5744
4.6247
0.6476
0.4400
0.0000
4.7779
3.7375
0.3105
1.7048
0.5352
0.0579
3.5030
0.6118
2.4322
0.0233
0.3082
0.6619
1.0813
2.1809
0.2745
2.5514
1.2898
0.0786
2.4757
3.3307
12.0202
4.1944
1.3132
0.3729
1.2170
6.9513
0.5348
0.3903
1.3476
1.3739
3.1385
1.4397
0.0853
2.5240
0.1177
0.2078
0.2413
3.0364
0.2064
0.8087
2.4646
1.7417
1.2505
0.4621
0.9063
3.7342
2.0504
0.4428
0.7792
3.6073
0.0187
3.4349
0.0549
0.6300
0.9845
0.8779
0.1558
2.3866
0.1959
1.4189
0.8240
2.3480
0.1872
1.3051
1.9761
0.5600
0.2910
1.5804
0.0705
1.0011
3.1146
0.0190
1.9853
0.9816
1.5546
0.0067
1.0867
0.0975
0.1999
0.3713
0.6711
2.4827
0.5116
7.0167
1.5881
0.0332
4.2540
0.3326
0.9490
0.0362
1.3383
0.4270
2.2139
3.1111
0.2169
1.1417
2.5455
0.4428
0.6429
0.6530
2.5000
0.0310
2.0233
7.1255
0.0457
3.3420
2.0228
4.2986
1.1306
0.5961
0.0198
0.5740
1.1428
0.0079
6.8399
0.4437
0.0032
1.0080
0.8449
1.0813
0.8220
0.6594
0.1404
0.8110
0.3206
0.2242
1.1575
1.8413
0.6611
7.3331
4.2918
0.8705
0.1016
0.2413
0.3443
1.4892
0.5549
0.8824
1.7521
1.1419
4.2485
0.8513
2.7853
3.9438
0.9778
0.6116
3.5689
3.7873
0.1668
2.4421
1.9058
0.5698
2.4685
1.2215
0.6681
0.7447
0.9226
0.0004
0.2841
1.2988
1.7574
0.0048
1.6627
0.8138
1.7432
0.8440
1.4930
4.4508
1.0427
0.8283
0.2169
1.2675
0.6313
1.2670
0.7506
1.6901
0.4229
2.2602
1.6678
2.9251
0.0678
0.6098
0.3409
0.5298
0.2945
4.7362
0.5822
2.1393
2.0960
0.0014
2.1916
0.8947
1.5466
0.2377
1.2827
3.0630
1.5883
1.6784
1.7241
0.3901
1.5930
0.2096
0.4908
2.2898
1.5560
1.7588
4.2473
0.5109
0.1017
2.4271
2.2334
1.2869
3.0467
1.8822
2.5658
1.4650
0.5532
0.1052
0.7249
3.5610
4.1552
1.0311
1.2991
1.4983
2.0559
0.6253
1.4245
0.9227
0.1509
0.6920
0.8150
1.6428
1.8615
2.5768
0.1986
0.2567
2.5076
1.6738
0.7122
2.9995
4.3051
0.2637
1.6290
0.4488
0.6434
5.1063
1.0802
0.1298
0.5135
1.8441
0.0984
0.3139
0.3569
1.5421
3.1556
0.4118
2.2527
0.1503
0.8611
0.0788
0.6358
0.3021
2.7328
0.7253
0.2527
0.6770
0.7873
0.0195
1.2134
0.5757
0.7308
0.2902
0.7041
1.3775
0.3722
0.2144
0.2643
0.6052
1.4208
0.2066
0.0447
2.2818
1.2797
0.9115
1.8096
0.7093
0.8822
7.9042
2.8396
0.5344
2.9464
0.3999
8.1995
0.0054
8.9763
0.8685
0.5125
1.6051
0.0321
0.0001
3.5053
0.0699
0.2371
2.2315
0.1692
4.8707
10.0559
0.3313
0.0857
0.1349
0.3186
0.1143
0.2029
0.1373
0.4888
0.6853
2.6069
2.2666
0.7070
1.0740
0.4741
0.0692
0.4201
0.9597
0.8064
2.3805
0.7467
1.8297
1.2830
0.9421
0.6930
1.3120
0.1121
0.5535
1.1127
0.2301
1.8424
1.1897
0.4397
0.0304
1.4487
0.3904
0.1656
0.1034
4.5316
0.3984
1.0555
0.1649
0.8398
0.7601
0.0798
1.7947
0.3469
0.2123
1.0495
2.9841
1.5407
0.5717
0.2603
0.7185
0.5035
1.5313
2.9820
0.9118
1.8677
0.7320
4.5677
0.0122
0.1086
1.8425
0.0553
3.3183
1.6519
0.2903
0.9158
0.2985
1.2890
3.2409
1.7792
0.0468
1.9912
2.3437
0.2254
1.1738
0.5267
3.8317
4.7329
4.3139
0.9738
2.3767
0.4340
0.1563
2.1302
0.1545
2.0646
1.3234
0.0407
1.1353
1.7131
3.7974
0.6187
0.5951
0.1094
0.5257
3.0292
0.1056
1.6924
0.2213
0.2625
2.4293
0.1228
0.1793
0.0962
0.0378
0.8435
0.2637
0.7780
0.5419
2.7088
0.7983
1.3882
1.8006
2.9826
0.1848
1.3020
0.0195
0.2332
2.7406
0.2053
0.0147
0.0246
1.6822
0.0389
2.8259
1.6588
1.0386
2.6766
0.5156
0.2604
0.2980
1.1082
0.0069
0.4387
5.0787
2.0502
0.4853
0.2554
0.8321
0.5032
2.3513
1.4459
3.8387
2.7047
2.1676
4.6034
0.0337
2.5308
0.1123
4.4925
2.0560
0.2171
0.9654
3.0530
2.8403
0.5429
0.9623
0.5871
1.0274
0.0447
1.0889
1.8066
0.2398
0.3743
1.1568
0.3218
0.5299
1.6117
0.7374
2.0307
0.5600
9.6367
1.2839
0.8240
0.5964
2.2683
1.3439
0.0428
4.7768
1.4233
1.5195
3.8858
0.7399
0.3596
1.7109
2.2814
5.7407
2.7441
0.8599
0.8791
4.5433
0.3529
1.9706
2.6573
1.7696
1.6335
0.3880
2.0963
1.0061
0.4528
0.0519
0.1550
1.2056
0.1946
0.2289
0.3563
3.3968
1.4075
0.3407
0.1199
0.0043
0.0213
4.2113
0.0007
2.5930
1.5349
0.7970
2.7599
2.0931
0.8114
0.0009
1.0280
0.4289
2.1640
3.9647
0.9956
0.5073
0.1375
3.7567
1.3245
0.4337
1.8228
0.5547
3.0665
0.0309
0.6327
0.5608
1.6793
0.2587
3.6259
1.2959
1.7398
0.3269
5.0927
2.1881
0.1136
3.0317
0.2148
0.0608
1.0581
5.5381
1.8521
0.2629
4.3879
1.1581
1.5864
2.9426
1.6081
0.7987
1.2486
0.2368
1.2052
0.5907
2.6126
0.3596
