2.3136
0.0275
1.8811
2.1894
0.3608
1.7305
3.3813
1.4694
0.1532
0.1107
0.3211
7.9200
1.9065
10.5510
0.0000
4.1537
0.0014
2.2167
1.7112
0.8034
0.6855
5.0144
0.5571
1.5953
0.6067
0.9288
1.7364
0.3007
2.6655
2.9041
0.0730
0.0369
0.6415
2.7349
2.2634
0.6938
0.6971
5.5176
0.3126
0.1555
3.7878
0.1495
0.1035
0.0170
0.8614
1.9009
0.8617
0.5659
1.1548
10.8609
1.7439
0.7620
2.9922
1.4468
1.2777
1.1307
2.8588
1.3643
2.6033
0.9974
1.2200
1.1899
6.7959
0.0013
0.0028
0.4143
2.3018
0.0648
0.9009
1.1049
3.0406
2.2354
0.1796
3.3236
0.0716
1.5082
1.0212
1.2870
3.6090
1.0485
0.8869
0.0224
3.2036
1.0649
1.1027
0.3658
1.1554
0.4381
2.8894
1.5454
2.4699
0.4220
1.0393
1.8349
2.7109
1.4614
0.2603
0.3658
0.0503
2.7337
13.9401
2.4310
1.6029
0.1380
2.9625
0.3812
1.1939
1.3703
0.3111
6.8855
1.6719
0.4825
0.3542
0.2154
1.5874
3.8506
1.3641
0.0623
0.9773
1.7714
0.6444
3.0057
0.0441
2.4769
0.8853
2.8320
2.6482
0.9859
0.8866
2.9734
0.7108
0.6119
4.5059
4.5495
2.2030
1.4309
2.6283
2.4174
0.6374
0.7962
0.1715
1.1435
0.0078
0.0150
0.0656
1.1850
0.3528
5.4035
0.1991
0.0238
2.3870
1.9882
0.9870
0.0249
4.7137
0.7955
0.3121
0.5645
0.6420
0.1284
1.1673
2.3805
1.7909
0.8278
1.1431
0.5419
0.7030
0.5004
0.0767
0.6715
1.0142
0.8136
0.8316
0.6298
0.2359
1.1487
0.6076
1.6987
2.9739
1.3572
0.6249
3.6386
0.2547
0.6301
1.1389
0.9275
0.2238
0.5378
2.2637
1.5416
0.5495
1.5826
0.2976
2.4353
9.1289
2.3983
1.4510
1.9389
1.3673
1.3536
0.0013
0.9303
2.1444
0.9268
0.2945
1.1059
0.3190
0.3254
0.7093
2.4832
4.1669
0.7316
0.6753
2.5669
0.0644
1.3030
0.7104
0.8962
0.0285
0.7248
1.8364
1.4644
0.3429
0.0076
2.3403
2.9846
1.5340
1.2257
3.5460
0.5197
0.0000
0.0009
0.7230
0.2009
1.2434
0.5666
0.1878
2.9254
1.3745
0.6011
1.5204
0.6947
2.8110
1.4823
1.7886
0.8642
5.2528
6.0186
2.6251
2.4863
0.8554
4.2220
0.9561
3.9608
5.4850
1.7146
0.9939
0.2511
0.0720
1.8367
0.0000
3.8361
1.4763
0.5001
0.1804
0.2833
0.3370
0.3326
2.1582
1.6076
0.6460
8.6242
0.7645
2.2609
2.0616
1.9575
1.3472
4.0721
1.3611
0.8680
0.6696
3.0525
0.4395
0.5575
1.3731
0.5669
2.7542
0.4844
0.1171
3.3619
2.4081
0.2244
1.2551
4.8074
0.1537
2.5626
0.0690
0.3880
0.1447
0.1712
0.9663
4.0003
2.3962
0.2509
0.0749
2.5182
1.7774
5.1412
1.6277
1.0851
1.6491
1.8271
0.2541
0.3481
2.4128
1.0990
8.9462
0.0457
2.4723
2.6854
2.5711
0.0565
1.1143
1.5010
1.6132
3.6520
0.0231
1.0838
0.0201
4.9891
3.2347
1.3116
5.5709
1.7827
1.8121
1.1775
1.1819
0.4344
0.9818
1.6094
1.6317
0.6031
2.3841
2.0536
3.4936
0.5061
1.1055
1.6703
0.3444
2.0248
0.8144
2.3649
0.1885
4.8239
1.2200
0.5935
0.8152
0.5532
2.0846
0.9022
0.1468
0.3035
0.2918
4.1922
1.8177
1.0880
5.0174
0.3691
1.4233
1.5714
1.7112
0.4960
0.8749
0.4096
0.4620
2.1226
1.3551
0.4489
0.0641
2.1426
1.3669
0.0032
3.0895
1.1503
2.5853
1.5500
2.6994
0.1566
0.0432
2.3920
3.3087
3.1885
0.1318
0.0321
1.4507
2.9777
0.0584
1.0134
0.0056
2.7827
0.6094
2.5839
0.0949
0.5189
0.1654
5.3047
1.0200
0.5009
2.2048
0.0393
0.9017
0.0695
2.1677
0.2589
0.3968
4.4531
2.0249
2.8854
1.2086
0.0449
0.0009
0.2007
0.3058
0.1459
1.1197
0.5086
1.3393
1.1034
1.9505
0.0074
2.0748
1.1326
2.2070
2.8824
0.0000
1.3327
0.4903
0.9445
0.7537
2.3174
4.6431
3.5689
0.0224
2.3240
0.2192
0.1698
1.7228
0.5600
0.0258
1.0869
3.6287
4.2854
0.1459
0.7526
1.7420
0.3110
0.1810
3.7063
0.1718
0.6354
4.0254
0.7582
1.6870
1.5786
0.0696
5.7703
0.5703
0.9990
1.7915
3.3791
0.8169
0.8745
0.2285
1.2797
1.7630
2.9653
0.2391
3.9234
2.3852
0.4702
0.2900
0.5609
0.4245
1.1034
0.4843
0.8863
0.0520
1.8146
0.6579
1.2948
1.0028
1.3330
1.4091
1.8476
1.1655
2.0826
3.9693
4.0840
0.4929
1.3754
0.3763
0.0514
1.4320
0.4614
0.3282
0.5105
6.4193
0.8264
0.8299
2.1069
0.3127
2.4043
1.6262
0.3073
0.7894
0.4283
1.0021
1.1766
0.6574
11.7247
2.9668
1.5803
0.1705
0.7358
0.0022
1.6927
2.3387
0.3092
0.1801
2.1473
2.3907
0.4391
0.3230
2.8882
0.4032
2.6018
1.7641
3.2416
1.4825
0.1402
3.2323
4.4044
0.2770
1.5662
0.0124
1.5501
0.2342
0.2734
1.3634
0.0264
0.9895
0.2972
0.6902
1.0268
4.3050
0.2261
0.6597
0.2011
1.0052
1.2867
2.4720
6.2616
0.7220
0.8739
0.8498
0.3232
1.9258
0.6099
2.1336
0.9205
1.0309
0.6257
0.3208
0.0877
0.4864
1.0631
1.1179
3.0012
1.3496
0.2430
1.0583
0.0027
0.0772
2.0466
5.8962
0.1734
0.8559
0.7794
1.2746
0.8528
1.8124
0.9438
1.2569
0.0965
0.8769
0.0518
0.0468
0.0957
0.8163
0.5984
0.7070
0.0866
0.1838
3.7134
0.4240
0.6396
1.3558
1.7554
0.5439
1.1802
2.2770
0.0776
0.8574
0.2757
1.9263
0.5222
1.6955
0.3809
0.3323
0.3093
0.8665
0.0392
7.3574
0.0034
1.3345
0.7309
5.0610
2.1087
1.6246
3.4554
0.1741
1.4688
0.1535
0.1284
1.2920
2.8619
0.0687
0.2087
2.4878
0.0091
0.0243
0.0254
1.7178
1.3100
1.3140
0.0994
1.3336
0.8457
2.3126
3.2556
3.4785
3.3002
1.8259
1.7426
0.4135
0.6950
0.1949
0.1389
2.2707
0.0301
0.0893
1.0152
0.1298
0.5371
2.0030
1.2509
0.6215
1.2243
2.6370
1.3145
1.7374
1.0534
1.4117
0.1381
1.0028
2.9903
0.2004
5.4332
0.4568
1.1186
1.4405
1.2294
4.5337
1.4353
3.2093
0.9789
0.2960
0.5226
0.2048
1.7518
1.4049
0.8965
2.4380
0.4983
0.7159
4.0153
0.5694
0.2462
1.6097
0.3958
1.6859
3.4027
0.7689
1.3808
2.8793
0.4123
0.7150
2.8682
2.5827
0.3982
1.0299
0.5163
2.7597
2.2184
1.1379
0.9655
1.6177
1.3750
0.0000
0.0055
0.8101
5.1568
4.4117
0.2811
0.2002
0.1772
2.3710
3.0029
1.5324
0.8153
2.0160
0.0989
2.3864
1.3284
0.0235
1.3154
0.7320
1.1878
0.2007
0.8634
1.7573
0.8549
0.3697
2.6708
0.9967
0.8814
0.5435
0.6598
0.0665
0.1133
0.8268
1.9654
2.7680
1.1454
0.0000
2.0228
0.0008
2.5089
2.5667
4.1308
0.1682
0.1928
0.3244
2.6530
3.3740
1.7978
0.9995
0.2936
0.3829
0.0323
3.7360
0.6676
0.3499
0.1202
0.3413
3.6026
1.3000
0.9056
1.1836
0.4144
5.9516
3.6699
0.9011
2.1581
0.1752
1.4805
0.1190
1.1405
0.8329
0.2387
1.3771
1.5089
2.5280
0.8344
0.2144
0.0904
0.6009
1.4645
2.5845
0.4782
1.2208
2.1097
0.0741
0.0273
0.0571
0.9118
0.5146
2.6916
0.7978
8.1338
0.1498
1.8538
0.9708
0.3449
0.5803
1.6687
1.3804
2.4905
1.9471
0.0000
0.3104
1.0182
0.6380
2.2144
5.0390
7.6544
0.0718
1.9386
0.3113
0.4083
0.8943
0.0056
1.5360
0.1004
0.5264
0.9498
1.2300
0.0536
0.2050
0.2700
0.6302
0.2309
0.2937
0.9731
5.4475
0.0034
0.1525
0.1632
0.6460
0.7142
5.8412
1.6764
0.0271
0.0000
1.5766
0.9131
0.9124
0.1145
2.3311
0.3464
2.2484
3.2617
3.1742
0.5360
1.0630
0.8579
0.6413
0.9473
0.5169
4.7476
0.4686
0.6478
0.4721
0.6663
0.9217
0.0899
0.9228
5.5078
0.0803
0.1881
0.4007
0.6331
4.4680
0.6619
2.4803
1.0567
1.1881
0.5268
2.8050
0.3038
0.5150
0.2099
0.4728
0.5366
0.0855
0.3307
0.2408
1.3160
0.9502
0.4943
1.9136
0.7719
1.3190
1.4776
0.2204
1.4765
0.0526
0.6877
6.1852
0.7399
2.4377
0.4039
0.8941
0.5421
4.9342
0.0143
1.7724
4.3080
2.3296
0.8936
0.6233
1.2828
0.0308
2.7585
1.8792
1.4904
1.3999
1.1030
1.5953
0.2121
2.8934
0.9509
1.1768
1.1814
2.9589
1.9824
1.3571
0.0534
4.6620
0.4470
0.7912
5.2118
0.2071
0.8460
0.0000
1.2978
1.3777
0.6283
0.1999
2.4927
2.4096
0.4832
2.7021
2.1642
3.9164
0.3674
0.2442
0.1676
4.1024
2.6469
1.7809
1.0253
3.6642
0.9439
1.5094
0.0384
2.2447
0.7970
1.4504
0.7756
0.9326
0.1974
1.5582
1.5148
3.8537
0.6192
1.5038
1.9561
3.5771
1.1300
0.2724
2.3535
0.0000
0.7539
0.1990
1.2493
1.1972
0.6497
1.5046
0.4875
0.0867
0.3656
2.1298
0.6722
0.0729
1.4942
0.1632
0.5755
3.0079
0.9650
