5.8611
0.0522
0.2154
0.7567
5.4450
3.5302
2.2181
8.8086
0.0488
0.7705
0.5155
0.5864
1.6931
0.0241
0.0899
1.6071
0.2519
4.8259
0.7838
1.2585
0.7781
2.1404
1.8405
0.4418
0.2786
1.5970
1.3968
0.0932
0.5597
1.7861
0.9427
0.8731
0.0975
3.0069
0.1722
1.2902
2.3792
3.7659
0.1736
0.5885
0.2102
0.0791
0.4543
0.3433
0.2163
0.0488
0.5831
2.1644
0.1123
0.3344
2.1553
0.6458
0.9354
0.1709
0.1595
1.7641
0.1707
1.1900
0.0000
0.9026
1.4400
1.3297
2.0740
1.3473
0.3121
1.8795
1.3752
0.6436
0.7566
0.0793
0.4959
1.3112
1.8582
2.5608
0.4742
1.2044
0.5261
1.1004
0.4938
0.0746
0.0381
1.0535
0.0833
0.4600
1.0272
2.0539
0.5264
1.9022
0.0622
0.2830
2.4545
0.0104
0.2159
0.1500
0.7832
1.5559
0.0836
0.0000
1.3677
1.5460
0.3009
0.5018
0.1140
0.4038
0.0000
0.3821
0.6875
1.3678
2.1222
0.6768
3.6640
0.2215
0.4069
0.2435
1.7253
1.2832
0.0100
0.2177
0.0069
1.2397
0.2472
0.6893
2.3741
1.2220
1.8525
0.7570
1.3171
0.2592
0.2957
0.4507
0.1481
0.0565
0.2025
0.6353
0.5841
0.3860
0.0198
1.9063
0.6795
0.2002
0.5712
0.0923
1.0873
0.0014
0.6637
1.1992
0.2861
0.6037
1.1971
1.2539
0.6346
0.1029
1.4696
0.1354
0.0745
0.9198
0.7213
0.7987
0.1985
0.8828
0.0449
0.2468
0.5153
1.8943
0.3715
0.2079
0.4641
2.7234
0.0584
0.2684
2.0353
0.4741
1.5530
0.0654
0.0805
2.2635
0.4991
1.0184
0.6613
1.2942
0.2687
0.6333
0.3083
1.0387
0.0014
1.8956
1.3760
2.1844
0.2847
0.9977
0.0000
2.4053
1.8983
0.5009
0.4484
1.5628
0.0807
0.5767
0.7888
0.5509
0.2826
0.0813
0.1553
0.6542
0.3170
0.3884
1.4222
2.7689
0.2397
0.0710
0.9927
0.0898
2.1113
0.4145
1.8433
1.0775
0.1752
1.0700
1.3379
3.5877
0.2719
0.1165
1.2061
0.3704
0.0316
0.6516
0.0141
3.0167
0.2953
0.0388
0.0003
1.8285
1.1726
0.2337
0.9350
0.1684
0.3716
0.3860
0.6958
1.1420
1.4272
0.4305
0.1827
0.5003
0.0002
0.2970
0.6809
0.1863
0.3335
0.0043
0.7629
2.1965
0.9793
0.2118
0.6440
0.1586
0.2601
0.6853
1.2763
0.2112
0.3792
3.2793
2.9244
1.0719
1.5657
2.6232
0.1522
0.0083
0.7862
0.5649
0.9066
1.9993
3.5236
0.2810
0.0889
0.2611
0.2437
0.3358
1.6624
0.4428
0.5031
0.6780
0.3862
0.3034
0.6697
1.0231
0.2557
0.8423
0.4631
1.0615
0.7249
0.7599
1.0666
3.1862
4.4111
0.0901
1.3316
2.0570
0.3847
2.7703
0.4906
0.0031
1.0943
3.8006
0.3006
0.1711
0.4157
1.3362
0.1404
0.6624
0.1612
0.1452
0.4467
2.4354
1.3344
0.4749
0.2222
0.2776
0.2633
0.0001
0.3495
1.5020
0.6238
1.3189
2.7671
0.1910
1.4978
0.7361
2.4595
0.1662
0.6647
2.8066
2.3775
1.9131
1.3127
0.4885
0.0149
0.0665
0.0804
0.5230
0.1721
0.8537
1.3848
2.0449
0.0255
0.1138
1.6550
0.4774
0.9470
2.3361
1.1783
2.6480
0.4496
1.1917
1.9591
0.7004
0.6367
1.0093
1.9138
1.6480
1.3595
0.9006
0.2751
1.8113
2.2945
3.4353
0.1154
0.8757
0.5249
1.5659
0.7556
2.4873
0.2338
1.5885
0.1502
0.0596
1.0237
0.8275
0.2280
0.4198
0.1523
1.5371
0.8658
0.0274
2.3104
0.6276
1.3676
0.2223
0.8468
0.6880
1.6542
2.0954
1.8567
0.3555
0.3103
0.2738
0.9391
2.1346
0.5628
0.1725
1.6300
1.6936
0.3924
0.0869
0.8621
1.4709
0.1606
0.0000
0.6237
0.2182
0.3451
1.9098
0.5527
1.4760
0.1042
0.4048
0.0377
2.8547
3.1897
2.7119
0.9945
0.0000
0.6760
1.2525
0.1281
0.0531
0.9259
0.4199
0.4302
0.0213
0.2355
1.1576
5.3881
1.8208
0.0388
1.1189
0.0389
1.0006
1.6606
0.0338
0.3808
0.0269
1.2331
0.5308
0.6941
1.3872
0.0769
0.0166
0.6075
0.0219
1.0567
0.2700
1.2208
0.6177
0.0358
1.9352
0.7404
1.2978
1.7458
0.6636
0.8456
0.0228
0.9764
1.2533
0.7609
0.5343
0.2469
1.4231
1.0461
0.1475
0.0251
1.0476
0.3141
0.5873
1.0698
0.5214
0.7162
2.5599
0.2255
1.1978
0.4242
0.3416
0.0598
0.8712
0.5133
0.7119
1.4152
0.1820
0.3261
0.0007
2.7761
0.6763
0.3044
1.7556
0.5595
0.0037
0.1475
0.8125
0.7990
0.6220
0.8886
1.0950
1.4360
0.5272
3.6763
0.7073
0.1884
0.4995
0.0560
0.1982
0.3603
0.3960
2.1293
0.3744
0.1067
3.2090
1.1493
0.7508
1.0091
0.8048
0.0835
0.0140
0.1507
1.5101
0.1081
0.7143
0.2896
0.0000
1.2985
1.3658
0.0515
0.9015
0.7779
0.4172
2.2360
3.8135
0.3471
0.2597
2.3644
1.7130
0.3315
0.5786
0.0259
1.2044
0.3455
1.8106
1.3463
0.3597
0.7878
1.7162
0.2226
0.4257
0.6003
1.1855
0.4543
2.1808
0.8124
0.2055
0.0779
4.6936
1.4825
0.1717
0.0936
0.0511
1.5634
1.8932
0.1474
0.0691
1.1429
0.9124
1.0446
0.5640
0.2549
0.3705
1.5100
1.6138
2.3414
2.3257
0.3725
1.0227
0.5961
0.0140
0.3226
0.0617
0.4549
0.0356
0.0806
2.5666
0.1190
1.4276
1.7187
0.4218
1.3888
1.0755
0.0705
0.4759
0.0703
0.7507
0.6171
0.3069
1.5190
0.2652
1.4271
0.5341
1.9805
0.0599
0.1644
0.0867
0.3633
0.2201
0.3313
1.9166
1.5063
0.2986
0.7113
0.6919
1.0728
0.8935
0.4932
1.5622
0.2695
1.3938
0.1546
0.2704
0.2661
0.1269
0.3725
0.8860
0.4441
0.4900
0.5407
0.2273
0.0233
1.7314
1.5560
4.3497
0.9630
0.4138
0.1945
0.4947
0.3514
0.5789
0.0372
0.3542
0.0299
1.4320
0.4247
1.8992
1.8691
1.6267
1.0562
0.0579
0.2509
0.9189
0.4062
1.1371
0.6700
0.3687
0.4652
0.0048
0.9048
2.2270
0.1760
1.3611
0.3018
0.7456
0.4742
0.4582
1.7755
1.0643
0.6251
0.3442
2.2937
0.8969
0.3046
0.1756
0.2464
0.8882
0.4082
0.9793
0.5899
0.3645
0.1263
1.3869
0.6439
0.9906
1.1300
1.0422
2.8343
1.3386
1.5063
0.5388
0.7109
0.0784
1.3769
0.4817
1.6582
0.1295
1.0524
0.0375
1.2610
0.1063
1.1809
0.7172
1.2022
0.7568
0.9644
1.9665
1.9679
0.3965
0.3976
1.0999
0.5985
0.4043
1.4549
0.3638
2.0803
2.0163
1.6406
0.0001
2.1197
0.5035
0.0767
0.2026
0.1837
0.0000
0.4119
0.3754
0.5868
1.1088
3.2129
0.5664
1.4407
1.4855
0.2807
2.6434
1.0452
0.3641
0.2208
0.1089
1.0588
0.7207
1.2790
0.0218
2.2825
0.8478
0.4109
0.0016
1.2959
0.4809
0.5442
4.0150
1.7338
1.5116
0.0649
1.2089
0.2199
0.0765
0.7153
0.1270
1.3934
0.3796
0.5431
0.3547
1.9072
0.3563
2.2862
0.1143
0.5890
1.8174
0.0000
0.3383
2.0375
0.2980
0.8607
0.8618
0.2586
0.1805
1.5005
0.6516
0.3871
0.2145
0.7855
0.1181
0.0014
0.8437
0.0508
0.5764
3.1229
0.4060
0.6879
0.5982
0.1798
1.2629
1.2164
1.5034
0.3189
0.9854
1.7242
0.1279
1.0208
2.0369
1.4781
0.3055
0.3688
2.3807
1.0123
0.5739
0.6052
1.0972
0.8095
0.4573
0.5572
0.0773
0.5215
1.1299
0.0150
2.2490
0.2403
1.4807
0.2224
0.0464
0.1382
1.7603
1.1958
1.1040
1.4424
0.1490
2.6247
0.5750
0.0653
0.0671
1.2098
0.0129
0.6491
0.0754
0.6450
1.1172
0.6774
2.3138
0.1352
0.8802
0.6370
0.1866
1.2303
2.2444
0.9357
2.2733
0.6089
1.5816
0.8729
1.5984
0.3137
0.3151
1.7317
1.8940
0.0643
2.0777
0.1476
0.7363
0.8249
0.7472
0.6034
0.2256
0.4028
0.7585
1.5468
1.4304
1.2924
1.0983
1.8581
0.3795
1.8197
0.3107
0.3489
2.0316
0.8175
1.0607
0.3741
0.6706
1.1553
0.6852
0.3787
0.0113
0.1696
0.1881
0.9070
0.5905
0.5321
1.8292
0.1698
1.0276
1.5266
0.0315
1.3864
0.2007
0.7578
0.4809
2.1519
2.0592
0.8873
0.5546
0.1115
0.2011
0.8236
1.1025
0.9142
0.5176
0.2836
0.3864
0.6708
0.0607
0.2013
2.6449
0.4069
3.7229
0.9831
0.1819
2.0491
0.0084
0.7665
0.0548
0.8129
0.1932
0.5976
0.1611
0.0246
1.4049
0.5018
1.1209
1.7945
1.3464
2.5562
0.9976
1.0940
1.7117
0.4994
0.3248
0.3092
3.5260
1.7205
0.6313
1.0484
0.7159
0.3663
0.8534
0.1224
0.5670
0.0482
1.5983
0.0598
1.0176
0.3089
0.6983
1.0271
0.0340
0.4014
0.5069
0.8729
0.4825
4.3930
0.0000
0.2242
0.0955
0.1370
0.9367
0.0799
0.9464
0.7450
0.2083
0.6431
1.3018
1.4504
0.5852
1.6985
0.5560
1.3369
2.2260
0.8309
0.8512
0.4924
0.0311
3.0745
0.5169
0.6675
0.2761
1.1378
0.5028
2.0713
0.0929
0.1073
2.0113
0.4341
0.6364
1.9102
0.3379
0.4439
0.5276
0.6519
0.2215
