3.0038
2.6724
4.0900
0.4473
0.8481
2.6916
0.4115
1.3365
0.0157
0.6697
1.6218
1.0707
1.3595
0.4299
1.4366
3.1552
0.2039
0.3219
1.4929
0.3662
0.2563
0.9467
0.4268
1.1387
0.1093
2.6115
0.2269
0.2401
0.0003
0.0003
0.0245
0.2770
0.4084
3.5991
0.4270
0.0161
2.7012
0.0036
0.1131
1.4335
0.0259
4.7137
3.2935
0.5637
0.2884
1.2267
0.9303
2.5362
0.0529
0.7491
4.2617
0.0446
2.7794
4.4816
0.3400
0.6236
0.3487
0.7394
0.1413
0.0614
0.8623
0.3357
0.1679
0.0165
0.5674
0.6034
0.0738
0.2990
1.4253
3.3600
2.7930
1.3088
0.9366
0.7980
0.3933
0.0520
0.2209
0.3850
0.4843
0.3045
1.5807
0.1848
0.0000
0.0227
0.5433
0.0002
2.6263
0.1245
0.4464
0.5095
0.2900
0.6930
0.0061
3.5165
2.1387
0.3880
3.3927
0.9751
0.9821
2.3034
0.9453
3.6471
0.9036
2.0026
1.0809
0.6626
0.2907
0.0689
0.3147
0.9049
2.2179
2.3243
1.0200
0.4938
0.4738
0.5781
0.2131
3.0657
0.8338
0.1236
0.8584
0.8706
1.3595
0.1076
1.0142
0.2639
0.4529
0.4489
1.3027
1.1111
2.7244
2.0506
0.6958
4.3211
0.0724
0.0428
0.0558
0.1054
0.1620
0.3621
1.8486
1.0073
2.7336
2.5452
3.0063
0.7605
0.7443
1.5461
0.0003
0.3954
0.0656
0.3655
0.2660
0.9933
1.6938
1.2064
1.2803
0.1421
0.7079
1.5032
4.4990
0.1961
0.3569
0.3471
0.3478
1.0175
0.6944
0.6188
3.8234
1.1687
0.3709
0.9577
1.3025
2.2372
0.5695
0.8570
0.1566
0.2381
2.0317
1.8064
1.0482
0.9330
0.3133
1.6148
1.7091
1.2324
0.1800
0.0559
0.2930
1.2744
0.0425
0.0705
0.0005
0.0023
1.4686
0.0110
0.5815
1.3331
0.2045
0.0386
1.1404
1.7007
0.3667
0.4123
0.1779
0.1258
0.3983
0.2304
1.3493
2.2659
0.5329
0.2171
2.3605
0.6930
0.4531
0.1252
2.5528
0.3226
1.1559
0.9176
0.0008
1.0638
1.4768
0.5724
0.6787
2.8849
1.9896
1.3617
1.4517
4.2909
0.9516
4.0231
1.9441
1.9543
0.6878
0.3393
1.0114
1.2710
1.1880
0.0332
0.6107
1.5221
2.0588
0.0832
0.9971
0.3389
1.3684
1.1719
0.7894
1.3878
0.0606
0.3952
0.6592
1.7799
0.3084
0.0154
1.8252
0.0347
1.5403
0.6241
0.0404
0.9023
1.4299
0.5741
1.1763
0.4568
1.2685
0.1012
1.5505
0.1957
1.1315
0.9347
0.0233
0.5377
0.8268
0.4664
1.2389
0.2564
0.0358
0.1900
0.0676
1.3745
0.7447
0.3469
1.0375
1.9010
0.7848
1.7553
0.3501
0.4104
0.9646
0.0274
1.9176
0.4055
2.1419
1.6245
0.6747
0.0292
1.0474
0.5710
0.8165
0.0464
0.3215
0.0478
0.5037
3.8432
2.2967
0.0183
0.0462
0.6953
1.7565
0.0013
2.6369
0.8997
1.4978
0.3553
0.4176
0.2579
2.1437
3.9220
0.0796
0.2547
1.2994
0.9422
0.0704
0.2455
2.7907
0.8937
0.6972
0.4724
0.3537
1.5749
0.4120
0.1514
5.6558
0.3510
0.4448
1.9377
0.4485
0.0509
0.9566
0.6993
0.0163
0.5343
0.0359
0.8078
1.2159
0.6910
0.3317
1.4852
0.4734
0.2818
0.2604
0.3972
0.8450
1.9600
0.1942
0.1163
0.1711
2.8832
0.0159
0.9838
0.6176
0.2157
3.3726
0.1152
1.1829
1.7210
1.1863
0.7850
0.8649
0.0134
1.6644
3.2786
0.0147
2.1223
2.6613
0.2112
0.9240
4.6880
0.1942
0.0691
1.6706
1.9776
0.0122
0.4629
0.3470
2.1989
0.2500
0.1267
0.2218
0.0065
1.8890
1.1180
0.6057
0.9071
0.4151
2.1400
0.4364
0.8831
0.4619
0.9938
0.4827
0.6253
0.7825
1.0356
1.6117
0.2165
1.1828
1.4399
0.6293
0.5830
0.3306
1.0853
0.4316
1.3065
0.2201
0.1549
1.2918
0.7303
0.0467
0.3121
1.1405
1.3739
0.4091
2.1855
0.0231
0.4097
0.5534
0.1474
1.5102
0.1187
0.1228
0.0949
0.1496
1.5462
0.0609
1.0887
1.2334
0.0713
1.0295
1.2188
0.5302
0.4210
3.3353
2.2996
0.0212
0.2112
1.0002
0.1296
0.6047
3.0105
1.4481
0.5234
3.3485
1.4220
0.6565
0.2540
0.3048
0.1562
2.7269
0.0085
0.7839
0.7599
0.1461
0.9849
0.3004
0.1528
0.5984
0.8821
0.2566
0.8283
1.3258
0.4981
0.2009
1.7635
0.7040
0.0217
0.1992
0.7965
0.0000
1.0996
0.0151
1.1347
0.3413
0.9620
3.0523
0.1718
0.0809
1.7479
0.0575
0.4351
1.4713
0.1302
0.6050
2.8949
2.2003
1.3684
1.2892
0.2624
0.1019
1.2291
1.2677
0.3775
3.8382
0.0070
3.4156
0.3043
0.7401
2.3466
1.9815
1.4049
0.4697
2.5699
0.7402
0.1952
3.3260
2.5657
0.2429
0.0087
0.2645
0.2193
2.0188
1.4525
0.2902
0.2015
0.1791
2.6570
0.2045
1.2349
2.6942
0.0014
0.8197
0.1839
0.4122
0.4362
0.3211
0.1544
3.7004
0.2784
0.1337
1.3852
2.5424
0.7782
0.3858
0.7608
0.6725
1.4839
0.2428
0.6294
1.1229
1.2233
1.0722
0.7806
1.8658
0.0205
0.0864
2.3639
0.1358
1.1403
0.6386
0.2016
3.0911
0.7211
0.5406
0.5257
0.2776
0.2376
0.0494
0.3220
0.3802
1.3394
1.2528
1.5227
0.4564
0.7828
0.1823
0.2146
0.3686
0.0791
0.5408
0.1921
0.2184
0.1562
0.9875
1.5293
1.6817
1.0578
0.4667
2.0009
2.3040
0.9203
0.0882
0.7840
0.5233
0.9941
2.9213
0.5240
1.1222
1.1246
0.0332
1.0613
1.6421
0.8118
0.3614
0.5877
0.2684
0.0704
0.5392
1.8933
0.5664
1.8514
1.2699
0.0019
1.2652
0.3033
0.0455
0.0409
1.0761
1.5582
1.0990
0.5633
0.1833
1.0478
0.0830
0.7659
1.5693
0.7029
0.3236
0.2986
0.5310
0.9303
0.2135
0.3747
1.3695
0.2905
0.1546
1.2954
1.2327
2.2891
0.7020
0.0841
2.4096
4.3243
0.1014
0.2940
0.1796
1.0297
1.0859
1.4761
0.1103
0.6234
5.5354
1.0436
0.3130
0.5731
1.4319
1.1068
2.3929
1.6649
2.4807
1.0179
2.8769
0.0002
0.9500
0.5141
0.0159
3.0701
6.0718
0.8210
3.0606
0.7831
2.0977
2.7359
0.4977
1.6453
0.0780
0.1457
1.0146
0.0748
0.7522
0.0278
0.0152
0.5335
0.7694
1.3883
0.0566
0.1220
0.5027
0.0435
0.9813
0.2440
0.0986
2.4785
0.1803
1.0724
0.2156
0.9968
1.0805
0.0319
0.0673
1.1558
0.4386
0.0552
0.0552
2.1199
0.5727
0.0004
0.7273
1.9061
0.0346
0.4499
0.0625
0.5021
0.4915
0.1832
0.1558
0.2910
5.3475
0.8107
1.0009
0.4147
1.6296
0.4341
1.3695
0.5970
0.2341
0.6307
0.3170
0.3565
2.5201
1.0703
0.6115
0.6891
1.1518
0.2677
0.0085
0.8460
0.0197
0.5849
0.4517
1.0319
0.1554
1.9273
0.1814
0.3779
0.6758
1.3184
2.7636
2.7321
0.3911
0.1736
0.2075
0.1133
0.3300
0.0791
1.3911
1.0120
2.0465
1.7443
0.3068
0.8419
1.1035
0.5746
0.4117
0.5770
0.5345
0.1425
1.3954
0.2805
2.5086
0.2391
2.2347
1.3829
0.0008
0.8620
0.1884
0.1157
0.4985
2.6164
1.4633
0.3872
1.7048
0.2762
0.3241
1.2002
0.1717
0.5493
0.4950
0.9355
1.7364
0.2897
0.5069
0.2122
1.0473
0.7290
1.2812
0.1286
3.2444
4.2926
0.1737
3.1926
