4.9570
0.4253
8.7619
0.3360
0.6957
4.7867
7.8872
0.1154
0.0389
0.9737
0.7394
1.5572
1.1334
0.3379
3.3478
1.1985
1.4228
0.0796
0.2102
1.2073
0.3486
0.5171
1.3228
3.4685
1.2609
0.8851
6.9885
3.7341
0.5921
1.4614
1.5107
0.9622
0.5928
2.2546
2.3756
0.0000
3.2353
0.2254
0.5549
0.1172
0.0000
1.0996
2.7671
0.6274
0.3115
0.6242
1.5486
0.0210
0.1611
2.4412
3.4061
0.7008
1.5692
1.1024
1.3017
0.9209
0.6490
0.3338
4.2775
0.0877
0.1327
3.9625
0.9959
1.9562
2.0807
0.3613
0.7297
0.5616
0.1788
0.7150
0.2947
0.9888
0.4669
2.9562
2.1801
1.9557
1.7931
2.3698
0.0709
1.9736
2.5468
0.0000
1.2656
5.5631
0.3635
0.3911
0.8497
2.1150
3.7490
3.2825
2.0715
0.8534
4.9839
0.7935
0.7617
0.2482
4.9399
3.7427
0.3416
0.2285
0.2203
1.3391
1.2379
0.7036
4.5143
1.0701
0.1631
3.9209
1.1421
1.2209
0.6982
0.7892
0.4284
0.3520
0.6937
1.6713
1.6248
0.1556
3.7190
1.5360
3.2627
0.4365
1.1420
0.1282
2.1203
0.7108
1.6357
2.6425
0.8815
0.7333
0.7745
3.7292
0.0002
1.7008
0.5608
0.0025
0.0000
1.3975
0.8748
2.9499
0.7813
0.8090
1.7527
1.8042
2.1098
0.5507
2.5923
0.2280
3.0247
0.4758
0.2838
0.0774
2.2845
1.2886
0.1961
1.6200
1.7261
2.2639
3.9740
0.2333
1.3001
1.5111
4.0976
0.2241
1.0580
0.8957
0.5265
0.7668
0.6650
1.6584
0.2458
1.8413
0.9318
0.7459
1.2571
1.6266
0.9540
0.6214
0.6569
0.2286
3.3362
0.5541
0.7467
0.3390
0.2566
3.3928
0.0209
0.3858
0.0359
0.9263
1.1924
1.1333
0.0925
0.4528
0.6524
2.3462
0.1473
0.5314
0.6410
0.3762
0.0318
0.8886
1.1376
0.1152
0.1996
1.5333
0.6182
0.5430
2.3111
0.7050
0.4865
2.4302
1.2104
1.1669
1.9049
0.0891
4.0886
2.0707
1.6681
0.1717
0.8550
0.8924
0.8606
1.4231
0.1167
0.1674
0.0652
1.0285
0.1395
0.3283
0.6257
0.3033
2.2851
0.9396
0.6191
0.0030
1.3608
1.2691
0.8432
2.9097
0.5367
0.7392
1.1143
0.0001
0.1884
0.8219
0.2824
0.3656
0.3853
0.8835
1.0446
0.7111
1.6011
3.2865
1.1747
0.0547
1.4693
0.5893
0.2105
1.0132
0.0771
0.1664
0.3423
0.9996
1.2073
0.1119
2.2606
3.1216
0.8972
0.2397
1.0862
1.5138
0.0580
1.4165
1.2009
0.6665
1.0089
1.4801
0.4389
2.2535
0.1045
1.7948
0.9809
0.2195
0.7813
0.2968
0.1224
1.9825
0.9451
3.6249
0.1726
4.4039
1.6451
0.0959
3.0943
0.4828
2.4979
2.1946
1.4208
0.2397
0.6973
0.0438
4.0914
1.1426
2.0310
2.1155
0.5755
0.3688
1.2921
1.3182
0.9264
3.7378
0.2852
0.1307
0.2639
0.5033
1.0596
1.3625
0.1703
0.1503
0.5332
0.2164
0.7900
0.2519
0.2172
0.8518
0.3593
0.3465
1.2104
0.2802
1.0348
0.0420
0.3499
1.2173
0.4691
1.6866
0.2936
0.0903
0.9797
1.3038
0.3063
1.5625
1.4354
0.8272
0.5046
0.8060
1.3355
0.8314
0.2306
0.0943
0.9366
1.6040
0.4168
1.7026
0.7193
0.2751
0.1744
1.2958
2.8853
1.1485
0.2191
1.4811
0.3399
0.6850
0.2852
3.3491
0.4088
0.0659
0.5564
1.2929
1.1668
3.6262
2.6896
2.4738
0.7667
0.8972
0.1354
0.5212
0.1813
0.3756
0.4406
0.5216
0.7329
2.0442
2.1338
3.0123
0.0178
0.0169
1.2259
0.4836
0.3691
2.1256
0.7658
0.0008
0.0010
0.5901
2.5870
0.0400
1.2615
1.3000
0.1032
0.8849
1.6316
0.9133
0.0377
0.8077
0.1444
0.0179
0.7312
0.0396
0.1806
0.4319
0.4529
1.5270
1.2048
0.0570
6.4595
0.5391
1.8811
0.2176
0.7806
0.0204
0.9438
0.5515
0.6456
0.0194
1.1922
6.9337
1.3516
1.1892
0.9050
0.6878
1.1666
0.9659
0.0415
0.8322
0.5034
1.2877
2.5697
1.0241
0.2244
0.3314
1.1534
0.4297
0.6544
0.3164
1.7399
0.0853
3.1472
2.7776
0.0015
0.7504
0.2185
0.5033
0.0078
1.2090
0.2194
0.3727
0.3900
0.8561
1.3888
0.8786
1.5040
3.2541
1.0194
2.0686
0.5916
1.9956
1.0332
0.3240
0.6134
1.6905
0.5204
1.6270
0.8943
0.2472
0.7053
0.5849
0.4591
2.8882
0.6228
0.4873
1.0279
0.0764
3.0556
2.4431
1.2650
2.5153
0.9030
0.9766
0.0539
1.4437
0.1924
0.9182
0.4716
0.9188
0.1181
0.6709
1.3595
1.2682
0.3106
1.1017
1.3139
0.9945
1.8279
0.0314
0.0000
2.3686
0.3837
1.7490
0.7669
2.4241
0.9400
0.2106
0.5391
0.2430
0.4005
1.9740
0.0747
0.1211
1.0726
1.3136
0.0352
1.7944
0.3689
1.0098
1.5051
0.7029
0.3082
0.0906
0.3296
0.3018
5.9688
1.3630
0.7951
0.4022
0.0556
0.7606
0.3365
0.5354
1.0172
0.8759
0.8207
0.5933
0.2341
0.2486
1.1154
0.0783
2.5331
0.0000
1.1599
6.2789
1.9169
0.0807
1.6395
1.4958
3.3357
2.3942
1.0810
6.1326
0.0534
0.0372
0.7584
1.7169
1.8875
1.9058
2.3095
0.0054
0.5154
0.6458
1.2607
0.2142
0.8801
0.0657
0.1505
7.4715
1.0589
0.7612
0.2995
1.7344
1.1242
0.0000
1.1528
0.2578
0.6356
1.1496
0.3703
1.8669
2.7115
0.0070
2.2890
1.2802
0.4562
0.4695
0.1747
0.7988
0.4322
0.2274
0.7312
1.4332
0.0046
2.2472
2.5150
0.6666
0.9784
1.5975
4.4339
3.4139
2.8265
0.0428
1.1665
0.1981
0.5627
7.7142
0.0817
1.8010
0.2876
0.8294
0.1008
0.7614
1.8880
0.1139
0.1152
1.0585
0.7515
1.2557
0.9353
0.2722
5.8600
1.4175
0.4421
0.0064
1.0873
0.0018
0.3495
0.0001
0.2046
2.0315
0.3927
0.2477
0.9227
0.3089
0.9089
0.1717
0.8154
0.1312
2.3985
0.5026
0.1463
0.4706
0.0162
0.6832
2.3794
1.3342
1.2534
3.0198
0.2109
0.3390
0.3317
1.2927
0.5645
1.1716
1.6928
1.6223
0.5162
1.1081
4.6892
1.3023
1.4759
1.8766
0.1917
1.1093
3.4020
1.6090
0.9208
1.3995
0.0414
0.2357
0.7119
0.9029
0.6891
1.3753
1.5022
0.0445
0.1319
0.9249
1.8561
0.3190
0.2371
0.7608
0.5817
0.0007
3.7374
1.9433
0.0000
0.7704
0.2569
0.4324
0.5739
0.0441
0.8427
0.6576
0.7044
1.8384
2.5922
0.1295
0.6165
0.0148
0.2347
0.8326
0.8742
0.2380
0.4077
0.6520
0.1273
2.4234
2.0023
0.1536
0.5810
1.6399
0.3446
1.2015
0.5251
1.2058
0.1157
0.8637
0.3720
0.3308
0.5729
0.6014
0.1700
0.4115
0.4094
0.0920
0.2466
1.1810
1.3826
3.0943
0.6159
0.1581
1.0756
0.1388
0.0754
0.1062
0.3340
1.9656
0.5952
0.0302
3.1134
0.7381
0.3345
0.0506
0.0174
0.0955
0.0397
0.9126
0.3912
0.0371
0.0749
0.5778
1.0354
0.8819
0.9554
1.6940
0.3019
0.0748
0.0963
1.3506
1.9513
1.5260
0.0705
0.1007
2.9063
0.2034
0.6663
0.5000
0.6824
0.5349
2.9935
0.0519
0.6350
0.2691
0.0146
0.0451
0.9208
0.1174
0.6025
0.0583
0.3919
1.7231
1.8802
0.2024
0.3785
0.4270
1.5657
0.3436
0.4071
0.2846
0.0014
3.0583
0.0308
0.2131
0.3164
0.0940
2.3198
0.6916
0.7104
0.0514
0.7901
0.9312
0.1398
2.7395
0.6405
0.1205
0.1531
0.2134
0.2739
0.8287
0.1532
0.9744
1.0272
0.0026
0.9494
4.0896
0.1899
0.7915
0.2598
2.7120
0.2474
0.4332
0.0489
1.7583
0.3399
1.8484
0.0867
0.3127
1.9360
0.4977
1.0727
0.0901
0.1885
0.3099
0.1690
3.0964
2.1136
0.7784
0.1326
0.3005
3.0698
0.4980
0.0726
0.3725
1.5636
0.4937
1.2876
0.0000
2.0035
0.4290
0.2863
0.2488
2.1727
0.5215
0.3028
0.3124
1.5778
0.5520
2.6444
1.1792
1.3659
0.4344
0.2356
0.8349
0.0563
0.2083
1.7836
0.0000
0.0128
0.0511
0.8789
0.1914
5.4499
1.0020
0.2004
1.2747
0.8042
0.3422
0.2684
0.5629
0.1493
0.8000
0.4147
2.5746
0.1600
0.7105
0.4201
3.1796
0.9137
0.5520
0.3262
0.5438
1.4645
0.4839
0.0800
1.3897
0.1384
1.8402
0.0412
0.9049
0.2490
0.2685
0.2522
0.8808
0.4836
0.5791
0.6674
0.4813
0.2350
0.3746
0.8096
0.2347
0.0246
1.2757
0.7142
3.5862
1.0569
0.0256
1.1690
0.1968
3.6784
1.4969
2.6389
0.0644
0.7501
1.3216
1.4254
0.8838
0.4331
0.1924
0.3339
0.8900
1.5241
0.2147
0.5122
0.9935
0.5062
0.9842
1.0083
0.2930
0.8056
0.9406
0.1382
0.1656
0.7647
0.5430
0.3943
0.4951
2.4673
0.4859
0.9519
1.1812
0.4610
0.0000
0.5091
0.2186
0.6403
1.3987
1.8413
0.4519
1.8935
0.4545
0.4880
0.0146
1.1942
1.0588
0.3459
1.7965
2.7215
1.3290
2.0439
1.5090
0.8570
1.0937
0.4033
0.4370
0.0914
0.9716
1.4497
0.4788
0.6882
0.9467
0.8928
1.5337
4.8781
0.5996
0.5990
0.2204
0.5230
0.5437
0.3511
3.4042
