6.6214
0.3752
0.7687
0.6870
3.0646
0.4573
1.3260
1.5754
1.4972
0.2033
1.6202
0.1366
2.5003
0.7130
0.5423
0.2708
1.6124
0.5366
1.6096
0.3460
1.6298
1.5906
0.0001
0.0637
1.0132
0.1137
0.1978
0.2170
0.0275
0.5340
1.2638
1.8489
1.4578
0.0912
1.5233
0.3898
0.4711
0.1439
0.1164
0.3307
0.1429
1.4483
0.3478
0.9294
0.2312
0.8186
0.0085
0.9192
0.2896
0.8530
0.2383
1.5307
0.1284
0.0035
0.3972
2.1546
1.1816
0.4973
0.0000
0.0141
1.1709
0.2245
0.8642
0.7771
0.7352
0.5101
0.1028
0.2622
0.0174
0.1280
0.5633
0.9062
0.3211
0.2202
0.0820
0.1706
0.0720
0.0288
1.6884
0.0131
0.8229
0.8500
0.3690
0.0813
0.5448
0.5148
2.4543
0.1783
0.5417
0.7239
0.1021
0.9053
1.5874
0.0067
0.7605
0.1334
1.1781
0.3213
0.0931
0.5306
0.0031
0.2967
0.0763
0.0060
1.0784
0.7560
0.6755
0.4513
0.4287
0.9046
0.2856
0.1829
0.2533
0.1782
1.9998
0.5325
0.4166
0.0267
0.1552
0.0349
0.2990
0.6830
1.1603
0.4859
0.1560
0.8809
0.0542
1.8252
0.2324
0.0439
4.5693
1.2430
0.6825
0.1504
0.9243
0.0634
0.0820
0.4607
0.0633
0.1275
0.0304
1.5302
1.2234
0.0449
0.3237
0.2684
1.3738
0.1405
0.5076
0.5738
0.5016
1.5971
0.0914
0.1620
0.2972
1.3042
0.6337
1.4339
2.1972
0.3851
0.0591
0.5858
0.0714
0.0000
0.5081
0.2185
1.8389
1.1667
0.4189
0.0617
2.5717
1.5367
0.1525
5.3066
1.9789
0.4050
0.0687
1.0018
1.9725
1.0902
0.6764
0.4636
0.5457
0.4052
0.6440
1.4204
0.3374
0.3277
0.0501
2.0112
2.0137
0.4950
0.0858
2.2008
0.7716
1.2302
0.9499
0.0390
0.3019
0.6414
0.0207
0.1216
0.4576
0.0406
1.1023
0.0019
1.3666
1.4458
0.1114
0.9220
0.0117
0.0626
0.4000
1.2431
0.2246
0.4899
0.4484
0.9055
0.2218
0.3633
0.2118
0.1557
1.2483
0.2798
1.2033
4.6779
0.0328
0.0277
0.3214
1.0276
0.5382
0.4443
1.4413
1.2416
0.9083
1.2308
0.0174
1.8068
0.8269
1.2699
0.1308
0.4757
0.0280
0.3317
0.0607
0.9754
0.6265
0.4131
1.7865
1.5617
1.7490
0.0017
0.1611
0.0201
0.4070
0.2422
0.1201
0.3621
0.5282
0.1654
1.1636
1.3297
0.3995
0.1379
0.3169
1.3026
0.5218
0.7989
0.8152
1.1312
0.2506
0.0715
0.1403
0.9083
0.3207
0.1800
0.5231
0.4880
0.5092
0.1661
0.3933
0.9562
1.7676
1.0166
2.3064
0.3036
0.6128
0.4415
2.0288
1.0394
0.7146
0.5511
0.5674
0.4011
2.4018
0.0279
0.5641
0.6197
1.6116
1.0678
0.0015
0.1762
0.2215
0.0000
0.6565
1.4536
0.7536
0.2338
0.2834
1.4504
0.0183
0.5364
0.0071
1.4534
0.4716
0.8366
0.1847
0.4208
1.2905
0.1947
1.8275
0.0780
0.1210
0.1971
0.0033
0.4045
0.6266
0.3171
3.5568
2.5754
0.1339
0.0945
0.1341
0.5914
1.5249
1.6328
0.3153
1.2475
0.5513
0.0355
0.0497
0.0584
0.8235
1.0729
0.4606
0.9479
0.3456
1.3725
0.5551
1.0350
0.0776
1.7228
2.0074
0.1621
0.6799
0.0910
1.0476
1.2637
1.0518
1.1237
0.9152
1.0344
0.5829
0.1504
0.3127
3.3911
0.9491
0.3898
0.8367
0.0320
0.7450
0.5117
0.1918
0.3088
0.1989
0.3675
0.1597
0.9186
0.0551
0.3317
1.8615
0.0055
0.7920
0.1782
0.3877
1.6118
0.1199
0.4863
0.1085
0.2989
0.6160
0.1720
0.3944
0.2193
0.0386
3.1177
0.6762
0.1797
2.6208
0.6579
0.5954
0.2075
0.8148
0.3399
0.9885
0.6248
0.2858
0.8113
0.9989
0.4781
1.4868
0.3422
0.3057
0.4913
0.5316
0.2274
0.2643
0.3159
0.4046
0.0174
0.0044
1.0594
0.5114
2.7478
1.2784
0.1369
0.3554
0.6808
0.1981
0.7803
0.0022
0.2880
1.5619
1.3050
0.4760
0.0518
0.7971
0.2847
0.1169
0.3797
0.6803
0.6217
1.3880
0.0256
0.0509
0.0330
0.2962
0.2509
2.5880
0.7481
0.9555
0.0519
0.2358
0.9726
0.5583
0.4494
1.7800
0.7688
0.4692
0.2244
0.2106
0.3603
0.8434
0.1382
0.0696
0.2923
0.3706
0.8701
0.9598
0.6049
0.1559
1.5787
0.4913
1.1703
0.4824
0.4557
0.5673
0.7644
0.8301
0.3610
0.7339
0.1874
0.8115
0.7150
1.3349
0.0046
0.6021
1.0774
1.5797
0.7818
0.4627
0.7912
0.0516
0.5517
2.7923
0.4334
0.3080
0.5733
0.3139
0.2925
0.0693
0.0535
0.0560
0.0585
0.5253
0.6687
0.1746
0.0837
0.5548
0.2792
0.4998
1.1657
0.0441
0.7986
0.3170
0.0975
0.4283
0.0596
0.2487
1.3075
0.0100
0.2800
0.5991
0.2259
0.2284
0.1406
1.1330
0.6491
0.2041
0.2762
3.0230
0.4168
0.4085
2.3511
0.0820
0.2271
0.9195
0.2790
2.1284
0.0461
0.5202
0.6454
0.5203
0.1320
0.4362
0.9163
0.1060
0.0601
0.9754
0.1822
1.7352
0.4483
0.0103
0.8766
0.5213
0.5952
1.8943
0.5326
0.0067
0.5916
0.0104
0.4126
0.2408
0.1419
0.5538
1.4246
0.0521
0.4763
0.0000
0.5180
1.1951
0.7612
0.3069
0.2699
0.6152
0.7940
0.3253
0.3788
0.3148
0.8175
0.5663
0.8481
0.8122
0.0848
0.0154
1.6667
0.6462
0.7422
0.8745
0.3401
1.4654
0.0243
1.0671
0.1040
0.4253
0.6975
0.3259
2.8502
0.4827
0.4030
0.5876
0.1204
0.0285
0.4205
0.3969
0.0548
0.0430
1.7235
2.8349
0.8355
0.6382
0.6637
1.4059
2.3944
0.2264
0.0293
0.6244
1.3488
2.7285
0.7941
0.1755
0.1899
0.3384
1.0184
0.3215
1.2182
1.1200
0.1671
0.6734
0.3419
0.9379
0.3766
1.3920
0.1124
0.5885
0.4986
0.2681
1.7786
0.2303
0.3020
0.1536
0.1439
0.0209
1.4909
1.1726
1.6810
0.1033
1.3210
0.4791
0.7052
0.4969
0.4838
0.4579
0.6139
2.5958
1.3645
0.0951
0.0066
0.2196
0.3182
0.1190
1.1741
0.1338
1.8604
0.1301
0.0892
0.0571
0.3577
0.4658
0.2707
0.1904
2.3940
0.2832
0.5750
0.3480
0.9965
0.6935
0.3485
1.7997
1.7279
1.1488
0.8358
0.6903
0.9577
0.1877
1.4181
1.1889
0.0768
0.5609
0.0140
1.2661
0.9533
0.3452
0.5926
0.1607
0.0041
0.7262
0.9413
0.4787
0.2905
0.4475
0.1499
1.9208
0.5992
1.4799
0.7056
0.6606
1.4858
0.9401
0.2874
0.2413
0.5076
1.6879
1.2975
0.3824
1.9519
0.5185
0.6330
0.0901
0.4099
0.0993
0.0313
1.3806
0.4029
0.0721
0.4239
0.7843
0.2678
0.1325
0.2799
0.9339
0.4842
0.3883
2.0640
0.3725
0.8709
0.2228
0.6289
0.8147
0.7944
0.3412
0.1010
0.6671
0.9444
0.2359
0.4084
0.5666
1.3264
1.4182
2.3444
1.0786
0.6621
0.2803
0.2868
1.2529
0.2127
1.2260
1.1890
0.0163
1.3577
1.0092
0.4522
0.4448
0.1379
0.0909
0.0767
0.0258
0.6397
0.9378
0.5044
0.3023
1.4002
0.8594
0.0260
0.2393
0.2393
0.0026
0.2880
0.1243
0.2635
0.1710
0.0866
0.0133
1.8678
0.5149
1.1375
0.0776
1.6825
0.2921
0.0231
0.1747
0.1025
0.0337
0.1273
0.0338
0.2256
0.0189
0.1386
0.4024
1.0462
1.5113
1.5610
0.0623
0.3220
0.7047
0.0051
0.8537
0.4672
0.2433
1.0859
0.5357
1.2120
1.0351
0.3397
0.2117
0.7869
0.0311
0.1156
0.5733
0.1355
0.1907
0.5829
0.9911
0.0392
0.2602
1.3534
0.2229
0.3424
0.0152
0.0906
0.3170
0.7455
2.4761
0.0561
0.2480
0.0035
0.5121
1.0822
0.0071
0.2194
1.5362
0.9185
1.0941
0.1246
0.4247
0.5676
1.0293
0.6049
0.0769
0.4922
0.1180
0.2594
0.2320
0.3592
0.3277
0.0071
1.0166
0.3513
0.3689
0.1214
0.2898
0.4209
0.4575
0.0921
0.5659
2.1845
0.0340
0.9520
1.0162
0.7587
0.0947
0.2238
0.8525
0.3329
0.0866
0.0698
0.3098
1.2016
1.2802
0.8979
0.0302
0.1964
1.2155
1.6291
0.7729
0.2152
1.7611
1.3051
0.7605
0.1065
0.7926
0.2102
0.2353
0.3585
1.2837
0.6547
0.3947
0.0600
0.8526
1.1074
0.2545
1.5324
0.1432
1.8222
0.7258
0.2520
0.4879
0.2338
1.6383
0.0660
0.2122
0.7235
0.1185
0.5860
0.2501
0.7982
1.3288
0.3396
0.2326
0.2828
0.4178
0.0594
0.0332
0.9122
0.4390
0.4857
0.4633
0.7674
0.3346
2.5059
0.5978
0.5989
0.5801
0.0319
0.1154
0.8208
1.0945
0.0268
0.5730
1.6262
1.5340
0.0090
1.0000
0.4881
1.9326
0.3491
0.4880
1.8703
0.0380
0.0753
0.1233
0.8412
0.0022
2.2894
0.4607
0.7533
0.1731
0.9410
0.0510
0.4467
1.0906
1.4193
0.1266
0.7739
1.6967
0.5175
0.1037
0.5326
0.4774
0.1666
0.6163
0.5065
1.8321
0.8293
1.5073
1.1155
0.2435
0.0019
1.3299
1.0081
0.0570
2.3082
0.2831
0.5903
0.0469
2.8700
0.1546
0.1751
0.0695
0.2760
0.1822
0.6471
0.6414
0.3219
0.1884
0.0421
0.5513
0.5133
0.5804
3.6847
