0.5871
9.4931
2.2677
9.7422
4.3339
1.7816
3.0500
0.4532
0.0012
0.0001
1.3049
2.4523
1.5808
0.2514
0.6077
0.6680
0.6645
0.1970
5.5173
0.7229
2.9684
0.8996
0.6737
1.1676
3.2587
1.3567
0.0046
1.4606
0.7154
1.2201
0.4210
0.6614
0.5920
2.0511
0.6198
1.2741
1.3329
3.0179
0.9857
1.6569
4.2110
3.1318
0.4064
3.2565
1.0453
0.2532
2.9439
4.4979
0.2931
0.3167
0.4943
0.1098
2.4242
0.7228
0.5740
1.7324
1.3820
1.1148
0.4512
0.3349
2.9999
0.0063
0.9192
0.4678
1.3085
0.6275
0.7596
1.7315
1.1694
0.0000
1.2320
0.6790
0.6759
0.1913
0.8958
0.1177
0.2528
0.2282
0.8349
0.5422
0.9378
0.8281
1.9207
0.4095
0.2332
1.3128
0.1955
1.5186
0.2520
0.9209
0.1726
1.1237
1.7475
0.2890
0.4818
1.3814
2.1837
0.2207
0.5290
0.9333
0.7490
1.0547
0.2039
0.5523
0.0046
4.7809
2.5337
1.1602
0.0504
0.1142
2.8294
0.1377
0.4492
1.3320
2.0499
1.3116
3.7359
0.4441
0.1281
1.0777
0.0677
4.6461
1.6424
0.4226
0.4463
0.4297
2.9200
0.5514
0.3974
0.9586
0.9822
1.8534
0.1324
0.3553
0.1865
1.1067
0.6852
1.2344
0.0800
0.3642
0.8744
1.1085
0.6267
2.6789
1.1648
1.2493
0.5825
1.7237
0.3632
0.0472
1.6357
0.0366
0.0122
0.1707
0.5619
1.4326
1.2287
0.1029
1.0606
1.0612
0.4262
2.3618
1.3763
0.2059
0.5102
1.0246
0.8386
0.5175
1.1080
0.3768
0.9502
0.1933
0.3613
0.8593
1.3699
0.7731
2.1193
0.6688
0.8597
1.8132
0.2692
1.0502
1.0166
1.9947
0.3299
0.3955
0.7354
0.4129
0.6759
3.1868
2.6171
2.3477
0.1349
0.1521
3.8410
0.2781
0.7079
2.9295
0.0815
1.6493
0.8651
0.0124
6.2436
0.6236
0.6068
1.4389
0.8276
0.9027
1.3335
2.4274
0.0891
0.2425
0.4958
0.1223
1.1124
0.9773
0.9997
0.7101
0.6784
0.9197
0.8728
1.2078
0.1742
1.6943
1.2447
0.7542
1.2523
0.1974
0.6508
0.7155
0.1713
0.1534
0.2392
1.1976
0.5900
0.1932
0.6593
0.4599
0.1107
0.3055
1.7486
0.2481
0.0115
1.8181
2.6037
0.0035
0.9573
1.4921
1.4522
0.4083
0.2794
0.1487
0.0023
0.0018
0.4765
0.1696
0.1952
1.8685
0.6291
0.3818
3.1727
0.4275
3.4676
5.1188
2.1834
1.0683
0.7728
0.1387
2.7973
0.1151
0.3707
0.5817
0.0035
2.4261
0.6428
0.0684
0.9226
0.7368
2.2834
5.0035
0.4808
2.0984
0.7394
1.1126
0.6758
0.1579
2.2596
1.6541
0.8107
0.1521
2.0324
1.9699
1.1952
0.2424
0.2213
0.4297
2.3998
3.1644
1.9048
0.2288
0.3742
0.6630
0.3227
2.5419
0.2466
1.4878
3.1426
3.0257
0.2343
0.0520
0.6392
0.0923
0.9021
1.4529
0.7583
1.3357
1.3593
0.2593
0.1621
0.7268
0.0653
2.3325
0.4311
0.4727
1.8190
0.8731
1.0145
5.0032
1.5784
0.0000
0.0500
0.1060
3.6808
0.1132
1.4210
0.6080
0.1866
0.6880
0.2127
0.4381
0.8636
0.4623
2.1567
0.8450
0.0951
1.6531
0.0009
1.7744
0.1111
0.5684
1.2048
2.2202
1.5190
1.3808
4.8259
0.0302
0.7615
0.7769
1.7953
0.2585
0.2538
0.9622
1.0365
1.5784
0.3106
1.3439
3.7212
3.6676
1.5632
1.0135
1.0282
2.9705
1.0299
1.4489
0.4157
0.2298
1.1534
2.2563
0.1942
0.6085
0.0069
1.2246
0.2607
0.0000
0.6016
1.0591
0.0448
0.0961
0.5701
0.2971
2.4124
1.5945
3.9302
3.5715
1.5211
0.8228
0.5948
0.5600
0.0695
0.1792
1.5307
1.0765
0.1122
0.0708
2.4598
0.7056
1.1467
1.3415
0.4960
0.0584
0.4767
0.3923
1.2149
0.7077
4.2328
1.1169
0.5125
1.6097
0.9778
3.8346
0.9335
0.2480
0.1014
0.6787
1.3077
0.2716
2.4520
3.6089
1.8459
0.1089
0.7051
0.2555
0.6371
3.4024
2.5378
0.2570
2.7590
3.3831
0.0040
2.1646
0.0485
0.8684
3.2524
0.7086
3.0023
0.1526
2.3487
5.1753
0.3357
0.6911
2.3761
0.4568
1.9597
0.4498
0.3135
0.8348
0.0787
0.0059
2.6300
0.0000
2.3237
0.2747
0.3771
0.7486
2.2108
1.5218
3.1403
0.9877
4.7558
0.6264
2.0355
0.3985
0.4018
0.6723
0.6791
1.2825
0.8511
1.1995
2.7242
0.8387
2.0569
0.4464
4.6383
1.0174
2.2259
0.4836
0.0120
0.7464
1.1332
0.8411
0.8426
1.2447
0.0008
1.8540
3.2986
3.0463
0.1457
0.0001
0.4416
2.8773
1.2334
4.1328
0.2519
0.9367
1.3789
0.8235
0.3947
2.7236
1.7129
1.1557
1.9013
0.6111
0.1905
0.2832
1.5190
0.3737
1.0802
0.4357
0.8057
0.7681
0.7692
0.5585
0.4269
0.4324
0.5532
2.0194
0.8099
0.7125
0.8689
1.3503
0.1556
0.0885
1.0715
2.0041
0.0150
4.9599
0.0212
0.0886
0.0007
0.4464
1.9094
0.4065
0.6098
0.0003
0.8184
0.4209
0.1729
0.4779
0.0007
0.4703
2.3295
1.0222
5.9301
0.7292
0.7727
1.0491
0.1229
0.0973
4.6702
0.0685
1.8662
0.0527
1.6614
0.0000
0.8900
2.0650
0.9087
0.1779
0.6251
0.9825
3.2463
2.1819
0.1543
1.3552
3.1725
1.6312
0.5902
0.0541
0.5471
0.6695
3.1771
0.3612
0.9389
1.3097
0.4433
1.8462
0.3660
0.9791
0.0000
0.5404
0.5878
0.0492
0.0397
0.0034
2.6288
0.3168
0.3475
1.8069
0.7773
1.6136
0.1458
0.2394
4.5275
3.5167
1.1308
0.3062
1.2666
0.1930
0.7880
0.0415
0.3723
0.1193
1.3209
0.2879
1.2149
0.9613
1.7789
3.7758
2.8553
1.4133
1.0913
0.8034
1.3572
1.7206
0.0209
0.2614
0.5057
0.0350
1.0285
0.2810
1.0017
0.0016
1.6299
0.1099
0.0000
0.1840
2.7343
0.3541
0.8640
0.4817
0.5030
2.2428
1.3733
0.5125
0.1485
2.7971
0.3628
0.3619
1.6457
1.7534
1.1785
1.0940
0.2834
0.1578
2.7860
1.6138
1.4342
0.8085
0.8519
2.5366
0.6745
1.8135
0.1357
3.9162
0.4189
0.5063
0.6910
4.5675
0.1896
0.0776
1.3339
2.2893
0.0134
0.7447
1.1760
0.0370
0.0047
1.8832
1.6967
1.0321
2.5073
1.9711
0.0322
1.2339
2.7192
0.4800
1.4992
0.2012
2.8436
1.6551
0.5318
0.1198
0.2899
0.3425
0.7490
0.7223
1.1568
0.9702
0.6299
0.2897
0.7630
1.5910
0.3899
0.1267
0.4253
6.9277
0.3399
4.3667
0.1996
1.0733
1.6044
0.3618
0.4517
0.4213
2.1086
0.0556
0.0795
1.9629
0.7420
0.8131
1.3229
0.1680
1.7660
2.6428
0.3919
0.2349
0.2648
0.6361
0.2937
0.1665
0.0902
0.2984
0.7252
0.0000
0.6086
0.5031
1.0204
0.0194
5.1134
1.9787
0.3580
1.3816
0.0462
0.2285
1.5440
0.1571
0.1002
1.6438
0.2196
0.0525
0.2387
0.7942
0.1863
0.9211
0.1657
0.7411
0.0305
1.3008
0.3335
2.1655
1.7851
0.3044
4.2167
0.9912
0.0883
1.8891
0.5683
0.0510
0.3136
2.4095
0.3731
2.9564
0.0826
1.0732
0.6184
0.4037
1.8064
0.3737
0.2843
1.2224
0.1334
1.5264
1.3008
0.2588
0.4424
0.2101
0.9557
0.3604
0.2644
0.4090
0.0277
0.4869
0.0000
1.5963
2.1012
0.6960
0.5492
0.9941
1.7020
1.6263
0.5400
0.0040
2.3130
0.4294
1.0012
3.3738
4.9539
1.2770
2.0577
1.3405
1.0926
0.0000
1.6222
2.5653
0.7849
2.0599
0.7235
0.9941
0.6302
2.0468
1.9132
1.6103
0.1832
0.6995
0.9380
2.2636
1.5195
0.4885
0.0575
1.6502
3.2706
0.3791
0.5177
0.7075
2.9029
0.3992
0.0000
0.1399
0.1292
2.6156
0.9068
9.9014
2.4656
0.2902
2.2382
0.7969
0.6558
0.5260
1.0518
1.4260
0.7361
2.7579
0.6643
1.0927
1.2511
1.3926
0.3836
1.3573
0.0727
0.4456
2.3507
0.3607
1.2526
0.7451
1.1581
0.9091
1.6202
2.1012
0.4835
3.1563
1.5476
0.5787
1.4020
0.9585
0.7747
0.5505
0.4041
0.2390
1.3038
0.2635
1.3431
0.2150
5.8328
0.2072
1.0883
1.2875
2.1796
3.9017
0.0982
0.0422
0.4104
2.9850
0.4330
4.0984
0.5065
0.2274
0.7403
0.6710
0.3277
0.2094
0.0258
0.1472
1.8846
0.2163
1.7023
0.0009
0.7110
2.9390
0.0018
0.9037
1.4375
0.0351
1.6546
0.0633
0.4986
0.2721
0.9577
0.0287
0.1257
1.0305
0.0555
1.8226
1.4546
0.7498
0.0808
0.0220
0.4322
0.7821
0.5165
5.5686
6.1521
2.1635
0.6419
0.0900
0.1053
1.7357
2.1001
2.6129
1.2007
0.5089
1.3316
0.7534
1.3702
1.5157
2.5479
1.5272
2.8780
0.8862
0.0324
0.0403
1.3675
1.3690
0.4899
0.1599
0.5079
0.5416
0.0480
1.2485
0.0161
1.9764
1.3705
0.2965
1.5424
1.2118
0.5708
1.3853
0.0069
0.0233
0.0058
1.5133
1.2604
0.7571
0.6011
0.0942
0.8017
1.2379
0.6799
0.3940
2.3512
1.0800
2.0191
0.0422
0.7615
0.4509
1.1929
0.0347
1.7457
1.8573
2.7453
0.5934
1.7501
0.3353
1.4950
0.0026
4.2678
0.1610
0.6489
1.6416
1.9277
0.0179
