0.7792
1.5696
2.1427
0.0479
0.1034
1.7343
0.9886
2.2982
2.3023
0.1488
0.0746
1.8146
4.5204
0.1820
1.5263
0.0553
0.6213
1.1162
0.9287
1.0084
2.4918
0.5238
0.6154
2.1422
1.6579
0.1522
0.4136
1.4421
2.2179
0.2558
1.6587
0.3634
0.4489
0.2879
2.3625
0.1822
1.8067
0.1227
0.5610
0.9302
0.0107
1.7203
2.8216
0.4344
1.1298
0.0524
0.9823
4.2770
0.2301
0.1246
0.3745
3.2572
0.0607
0.4054
0.9033
1.0047
0.2001
0.3911
0.7762
0.1176
0.8872
0.8728
1.4765
0.2180
2.2152
0.1112
0.0042
1.0503
0.4288
0.9369
0.1936
0.5971
0.1737
4.4519
0.6941
2.7734
3.6495
1.1776
1.8992
1.2604
0.2984
0.2391
1.4907
1.0317
0.2827
2.1481
2.4926
0.2535
0.2424
0.1183
0.3828
1.4015
1.1222
0.8691
4.1509
0.5802
2.7299
1.5957
0.2950
7.3371
4.4535
1.3236
0.6411
1.0267
1.0578
0.3752
0.3036
0.1307
0.4916
0.8020
0.1920
0.8910
3.2325
2.0671
0.4960
0.3027
0.2590
0.8124
0.4556
1.3732
0.8646
0.0123
2.7452
1.9470
0.2927
3.5175
5.5393
0.0145
0.1758
1.0693
0.4494
2.4642
2.9697
0.0081
0.0100
0.1827
0.0000
1.0154
2.8162
0.8249
0.1370
2.7683
0.1369
0.6590
0.7777
5.8424
0.7107
0.0958
1.7086
3.0431
0.3931
1.9157
0.1760
0.5234
0.0000
2.6755
0.0889
1.3050
0.3741
0.3365
0.9222
0.4480
3.7017
0.5070
0.8091
1.2049
1.5492
0.2396
0.9204
0.8508
1.1736
0.4448
1.0452
2.4637
0.0014
1.8713
0.2330
1.0464
0.3229
4.8564
0.4329
0.6472
0.1379
0.2996
0.5878
0.0026
1.9646
2.4656
1.6940
2.5211
0.2596
0.0000
0.6256
0.8544
0.4530
0.1953
1.5362
0.1144
1.8216
0.9466
0.2950
0.0090
1.2636
1.1075
1.0368
0.6853
0.4643
0.1610
4.1594
0.0003
2.0381
0.6699
0.0027
0.6035
0.1388
1.2941
2.8543
1.1965
0.4658
0.1691
0.5772
0.0492
0.2934
1.1569
0.3888
0.4578
0.0933
0.3818
0.7874
0.1822
0.5148
2.4561
2.0390
0.8544
0.7287
2.4647
2.3923
1.1263
0.0850
4.5189
0.0123
0.1233
2.0132
0.0741
2.0379
0.9329
2.0109
2.0238
1.2545
0.2055
1.0000
1.0707
0.4532
1.4904
2.6333
1.8511
2.1204
0.9885
0.0001
3.1040
0.2078
2.1672
2.6599
0.0114
0.1019
0.8728
1.4970
0.6535
0.1285
0.6800
0.2276
0.3353
3.2046
0.0688
2.2867
0.4718
4.3809
0.7235
0.4993
0.6327
2.0479
0.7179
0.8605
0.0217
0.0006
2.0104
0.0722
0.2742
0.9755
1.2494
0.0476
0.0654
1.2821
0.8201
0.4979
1.1953
2.0778
1.6636
0.6153
0.0263
2.0013
1.2391
0.9497
0.6395
3.0687
0.0020
0.5895
1.5173
1.6711
0.1161
0.6416
0.5371
0.9098
0.1946
0.2538
1.3970
0.0918
1.2442
0.3589
1.0966
1.2427
0.2616
1.0925
0.9920
0.1763
0.4071
0.0900
2.1211
1.2012
0.0124
0.1123
2.3107
1.8685
0.0636
1.0050
0.0000
1.3332
0.6197
0.5830
0.0986
4.2194
0.7799
2.9691
0.5781
0.5829
1.5613
0.5424
0.0791
0.0703
0.5863
0.6014
1.8525
0.0001
0.1624
0.3305
0.0041
0.8802
0.8684
0.3193
1.9870
0.0881
0.9346
0.4053
0.3393
4.4416
0.4095
0.0810
1.6078
0.5675
0.9172
2.3272
1.4372
1.9884
2.4599
0.7775
0.0479
0.2851
0.0722
0.0000
0.4073
1.7204
0.1719
0.1611
0.1624
1.3537
1.3670
4.0951
0.4951
1.0489
0.0111
0.5390
0.6434
0.3468
0.8397
0.7648
0.5827
0.7177
1.0689
0.1306
0.3218
0.2873
0.2423
2.1747
0.7528
0.0215
0.6784
1.4635
1.9643
0.0000
3.7126
0.7148
0.6217
3.6928
0.1730
0.3815
1.6432
0.5783
4.2401
1.7511
0.1628
1.3205
0.3505
0.9083
1.1102
1.0818
1.2039
0.3836
0.0000
0.1364
0.9321
0.0853
0.2922
9.0549
0.9770
2.3892
3.7393
2.2913
1.6566
0.9540
0.0238
0.3487
1.3250
0.9249
0.6852
0.8265
0.5813
0.0343
0.2574
3.6102
0.0309
1.8031
0.7756
0.8455
1.4256
0.2393
0.7789
0.0816
0.1292
0.1493
3.3899
0.9510
1.2089
0.5714
0.4250
1.2259
1.8541
0.7796
1.9370
0.6007
0.4514
3.3832
0.0837
0.7813
1.7268
0.9281
3.5615
2.1214
0.2799
2.8471
0.1217
0.1229
0.4386
2.0716
1.0762
0.3929
0.1263
0.9034
0.0183
0.7190
0.2018
0.5612
0.1134
0.0142
1.5432
0.1402
1.0430
0.2940
0.1483
0.6719
0.0207
0.2076
0.6650
0.5544
1.5618
0.4576
2.7899
0.4851
3.2520
1.3355
0.0095
3.5516
0.5188
1.7006
1.9005
3.5204
0.0733
0.2725
1.1330
1.4035
0.0929
0.6884
1.1296
0.6532
2.8312
0.9827
0.5387
2.6515
0.2302
4.5712
1.4961
0.3920
1.9600
0.0752
0.2335
1.0203
5.8518
3.2823
0.0074
0.8673
2.4679
1.7783
1.0268
0.1534
6.2461
0.0413
1.0866
1.0925
0.0004
0.9649
0.4050
0.9775
0.6321
1.1733
0.2069
0.2170
0.0837
2.3251
0.5087
1.6910
0.7074
0.7560
0.5330
0.5609
1.4143
0.5437
0.6760
0.9548
1.2974
0.8299
1.4531
0.1053
1.5940
0.0089
0.4576
0.3747
0.2131
1.3903
1.6535
0.0998
1.6511
0.3438
0.1864
3.0071
2.0633
1.5538
0.0957
0.1207
2.4353
0.9453
0.4393
2.4003
0.2696
0.2208
0.3229
2.1960
0.3009
1.0267
0.3702
3.3857
0.5415
0.5432
0.2645
3.3586
0.2395
0.6572
1.6293
0.3162
0.2816
0.1690
1.7978
1.1102
1.7604
0.6146
0.1102
0.0320
0.8078
1.9695
1.6200
1.8607
0.2878
0.2472
0.4280
1.4340
0.6536
0.5322
0.6804
0.1513
0.9530
1.5600
1.2616
2.1978
0.1143
0.0010
1.9815
0.6675
0.2433
0.8879
0.8978
4.6052
0.7854
1.0304
0.6501
3.7779
0.0613
0.3051
1.5777
0.4247
0.0028
0.7780
0.5586
2.2381
1.7879
0.5244
0.3995
0.8087
0.1453
1.0183
1.6239
0.5235
0.4186
0.2025
0.9486
1.2241
0.1513
0.5860
0.0563
0.1922
0.2887
3.4947
0.4614
1.3038
0.1725
0.4017
1.0887
0.5714
3.5287
4.5105
0.0207
0.1447
1.6672
6.1785
0.0000
0.3149
1.3821
0.3940
0.0966
0.1212
0.6023
0.3326
2.6404
1.0708
1.8351
0.9231
0.0879
0.9689
0.1277
1.1580
1.3637
4.7529
3.3690
1.2492
0.5173
3.9079
0.1719
0.2281
0.2405
0.5378
1.5465
0.8243
0.3220
0.1240
0.1795
2.6918
0.3089
0.1843
6.5256
0.0739
0.3107
1.3378
0.1675
0.2895
0.5992
0.3238
0.8618
0.9658
0.3110
1.1344
0.8559
1.2280
0.1281
0.5837
0.6819
1.5049
0.7841
0.4996
2.3112
2.0425
0.8450
0.2984
0.7613
1.4306
2.5209
0.9844
0.4109
0.1425
0.1194
2.1536
0.3899
0.3520
0.2568
0.8936
0.6005
1.1072
0.7872
2.0100
1.9162
0.0398
1.1368
0.1366
1.5193
0.1889
0.7375
0.7781
0.1294
0.1089
0.0993
1.6599
3.2271
0.8216
0.5017
2.7767
0.1620
1.6705
0.3897
0.4237
1.7403
0.0458
0.8964
1.4203
0.0967
0.7672
0.1468
0.2519
0.2623
2.7220
0.9344
0.4274
0.0187
0.7300
0.1096
3.0976
2.4169
0.2539
1.4547
0.3976
0.0815
0.5205
0.4703
0.2660
0.2892
0.1639
1.1741
0.6426
1.4689
2.8739
1.6941
2.5565
0.1122
1.7988
3.5922
2.1411
2.4836
0.3091
1.5053
0.2476
0.5113
0.2880
0.0342
0.4305
0.7533
0.1735
0.5029
2.2948
2.0114
1.0010
0.0770
2.5088
0.6621
0.0190
0.0743
0.1169
0.0163
0.3147
1.4171
0.4401
0.4191
0.2410
0.1118
0.0017
1.4956
0.3516
0.5809
2.4441
1.1344
0.4165
2.4727
0.1861
0.1470
0.1782
0.8371
0.4278
0.1618
0.1295
0.5673
0.3346
1.0343
0.2934
1.3612
0.5984
0.5929
0.0033
2.1309
0.6995
3.6592
0.0000
0.3732
1.0145
0.3977
1.0272
0.2076
1.7726
0.3770
0.0864
0.6280
0.0935
4.1223
0.0296
0.4660
0.7662
3.2945
1.4899
0.2410
1.0712
1.5221
0.2827
0.0680
1.1229
0.0782
1.5329
0.2976
3.7031
1.9853
0.0283
1.6439
0.4110
1.5322
1.2909
1.6419
2.4372
0.2452
0.4668
4.8684
0.0933
1.3405
0.7408
0.8762
0.4895
0.3262
0.4187
0.5243
0.4437
2.1005
0.1099
0.1058
0.6463
0.3387
0.5056
1.3291
0.9457
4.7043
1.0629
0.0548
1.1155
0.2535
3.3389
1.8899
1.5102
0.5871
0.1971
0.0993
0.0689
0.8927
1.1037
0.6713
0.7269
1.6325
0.1439
1.4268
0.5050
0.4674
0.5406
1.0851
0.4831
0.3987
0.3383
0.3631
0.5381
1.5746
0.7006
1.0884
0.0000
1.3347
0.2402
0.2184
0.6949
0.8013
0.3804
0.4150
2.0250
0.1127
0.8002
0.0376
0.4177
1.1819
0.2012
0.0779
0.2000
3.0368
0.8456
1.2708
0.4878
1.6117
2.2377
1.2378
0.8086
1.4267
0.1565
1.4111
0.2465
0.3041
1.3770
0.0000
0.5712
0.0365
0.8122
0.1305
1.4710
1.4126
0.2088
2.4910
0.7659
0.3584
1.7148
1.2913
1.0102
0.1822
0.0396
0.3758
0.0386
0.4014
