0.5846
3.1113
1.9483
1.2729
0.7178
0.8073
0.0068
2.2398
2.7603
2.7115
0.7314
0.1927
1.3734
1.9732
0.6140
0.2721
4.3238
1.1314
0.0151
0.0437
0.8881
0.2021
5.3098
2.1494
0.5554
1.3487
1.3814
3.5546
2.1256
1.1388
1.4608
0.9707
0.9815
0.6712
2.7336
0.1714
0.0881
2.5895
3.9163
0.0002
2.5112
0.4598
0.8932
1.0243
0.5396
0.5109
0.0446
1.1073
1.4119
1.4452
0.3369
1.3356
1.4431
1.1754
0.3590
0.2874
1.8633
1.2742
2.6389
0.0069
0.1353
0.3688
0.0856
0.7556
0.2776
3.6035
1.3044
0.1956
0.5910
0.7853
0.1275
0.7167
1.3363
0.1079
1.1091
2.7353
0.0751
5.2054
1.2875
1.1402
1.7373
0.6725
0.9112
2.8908
0.8142
0.7758
2.2854
0.0258
0.2713
0.8214
1.3697
0.3034
2.2099
0.7596
0.7255
0.7031
0.6228
2.1613
0.5427
0.1727
2.7369
1.5453
0.1938
1.1938
2.3585
0.2033
3.3935
0.8784
0.4548
1.3459
0.1739
2.0821
0.0477
0.5834
2.2707
0.3141
2.4792
1.0509
0.0326
0.3025
1.9668
1.8932
3.1874
1.5225
0.2725
1.1054
0.9384
4.3195
2.3708
0.7740
0.3076
0.0788
2.5112
0.7631
1.4608
0.7303
2.6689
0.2672
0.0139
1.4756
0.9843
1.1228
1.2723
1.0091
1.5007
0.4070
0.4937
0.5089
0.5625
0.0131
1.4394
0.1612
1.8021
4.1397
0.7324
1.4570
0.0358
0.0001
0.8912
1.2778
0.6745
0.4593
0.9672
0.7506
2.0597
0.0079
0.3403
5.2563
0.0956
3.7209
2.7011
0.3221
2.7746
0.0003
2.9184
0.8622
0.0796
0.2748
0.1814
0.2273
0.5850
3.3554
0.1490
0.5684
0.8828
0.1895
0.0025
0.2778
0.6190
0.1660
0.7846
1.5437
0.9266
0.9943
1.1669
1.8572
0.1155
4.9680
0.4892
0.0013
0.3598
0.9803
0.2756
0.0000
0.6750
0.0303
1.1928
1.0696
1.8980
2.6239
0.8142
4.2610
0.6817
0.1331
0.1575
0.3459
0.2079
0.8964
0.0301
2.5825
0.4744
0.4886
1.2939
0.1936
0.4560
0.4386
0.6816
0.6391
0.5540
0.4714
0.9220
1.3749
1.9839
1.6095
0.0758
5.9089
0.6322
0.0200
0.9905
0.0846
1.0267
2.2708
0.9847
3.5442
1.4429
0.2122
0.2453
0.4480
0.6626
0.5567
0.5577
2.2302
0.5263
2.1444
0.5649
0.2860
1.2572
1.6360
0.1539
0.1086
0.8954
1.2374
0.1944
1.8213
2.1352
0.7653
0.0214
2.4314
0.9597
0.6675
0.7979
1.0580
1.6325
0.1470
0.6577
0.3055
1.1560
1.1569
0.9789
0.0059
3.1970
1.7217
0.1237
0.2607
1.5576
1.2915
0.1298
0.6969
2.4296
0.1990
2.4572
1.1024
0.0426
0.3430
0.7028
0.8770
0.0000
0.7217
1.8197
3.3109
3.6343
0.5776
1.0700
1.5431
1.4079
0.5308
0.1399
0.0473
0.2640
3.7227
0.2476
1.7607
2.0293
1.7685
1.1868
1.7462
0.5757
0.2549
0.1412
2.9270
0.6234
0.2761
0.0749
1.2536
1.3908
0.0487
0.1800
0.3264
0.6438
3.8237
2.2407
0.0863
0.0696
0.0000
1.6127
0.7168
1.3127
1.8002
0.1446
0.1087
0.3633
0.1179
0.2745
2.3465
0.2681
0.3688
0.4788
0.1059
1.0454
0.5315
4.3964
1.8711
0.8034
2.0601
0.1722
0.1556
0.1588
0.4606
1.7429
0.1704
0.2990
2.9897
0.9079
0.7754
0.1705
0.3081
0.8042
0.0198
0.4586
1.7706
1.7013
1.7962
0.0734
2.8315
1.9435
1.0271
0.1986
0.4285
1.4543
2.4354
0.7911
2.6599
0.5979
0.3998
0.2293
0.9729
1.1778
2.6625
0.0408
2.8298
0.1899
0.3969
0.9241
0.7850
0.4676
1.9158
0.0058
0.7273
0.0453
0.9683
0.6722
0.6244
1.6097
2.2524
0.4832
1.8335
0.3193
0.7823
3.2555
0.5712
0.7570
0.0018
0.0732
0.9875
1.1235
1.0092
0.2429
2.3566
0.7238
0.9049
0.3747
0.0005
1.3563
0.3374
0.5762
0.1635
0.0676
0.7445
1.3185
0.1893
2.6967
0.8676
0.6552
0.1955
1.5791
0.9156
0.0700
0.8858
0.4325
0.3784
1.0330
0.2634
0.7796
1.3905
1.4856
0.8978
1.0221
0.8730
0.7935
0.7014
0.4394
0.0683
0.0189
3.0509
1.1926
0.6210
1.2639
3.6464
1.0050
0.7363
0.5115
0.2155
0.8547
3.5343
0.4835
0.2133
0.0155
0.0968
0.0940
1.4202
0.2204
0.2140
0.7959
0.9551
1.0377
0.2441
0.5934
0.3328
1.6828
0.0780
0.2030
0.6832
0.8418
1.2811
2.4630
2.3989
3.1340
1.1853
0.0763
2.5124
0.2519
0.1269
1.3383
0.7790
3.4855
0.1892
0.9010
0.3483
0.7140
0.4183
0.4051
1.6967
0.6162
0.2391
1.2741
1.6491
0.2837
0.5244
0.0105
0.3901
0.5429
0.4414
1.6509
1.2804
0.0459
0.5999
3.1240
0.9278
1.0055
0.3886
0.8302
0.2641
0.2445
0.9168
1.6471
0.2034
0.3761
2.1777
0.9204
4.4485
0.0133
0.2374
1.5229
0.7470
1.1127
0.2675
0.1921
0.1452
0.3433
2.2017
0.4003
0.2735
6.6128
2.1528
1.8347
0.2595
0.7960
0.6005
1.2453
0.9857
0.7128
0.3004
0.2493
1.4682
0.0006
0.9285
0.3603
0.9945
1.0956
0.2572
1.7428
0.0079
0.0073
3.4828
1.2658
0.0407
0.7148
1.4505
1.3451
1.0502
1.5491
0.1213
2.8803
3.5309
1.6603
0.9737
0.3462
1.2131
3.0073
0.0493
0.4942
1.6481
0.2464
0.6838
1.3222
1.4290
0.6825
0.7039
1.7025
1.1819
1.3743
0.7640
0.6559
1.8953
2.8089
0.0500
0.5221
0.2225
0.0761
0.5858
0.0007
1.1274
1.4710
0.2729
0.4937
1.0267
0.0410
2.5827
0.3499
0.9423
1.7761
0.0000
0.7077
0.3698
0.8112
3.3186
0.3258
0.7074
0.2736
1.3929
4.8342
0.1402
2.6679
1.1546
0.5292
0.5463
1.2104
0.5524
0.7350
1.5773
0.5121
0.5301
0.5537
0.7225
2.7312
0.5749
0.1116
0.1953
0.3039
0.0080
0.5862
0.9175
0.2350
0.2376
0.7176
1.0137
0.9890
1.3971
1.6785
0.9645
0.7106
0.3650
0.9456
1.9396
1.0535
0.7677
4.1900
0.3681
0.5352
0.7355
0.2028
0.5972
0.4187
0.9248
0.5819
3.1796
0.5677
0.2548
0.2682
0.5923
0.0603
0.1510
0.0690
5.3653
0.0553
3.1537
0.1717
0.0078
0.0931
2.5373
0.4165
1.9197
0.1371
0.2565
0.0394
0.8737
0.9893
2.3296
0.3242
0.0228
1.3674
0.7000
1.0332
2.1220
0.2236
0.0000
0.3752
0.0341
1.0083
0.3968
0.1597
0.9962
1.1503
1.5170
0.1433
1.1759
0.2108
0.5510
0.2301
0.7092
1.4437
0.8501
0.3786
0.0003
2.8706
0.0197
1.6254
0.0443
0.6111
1.1809
0.0079
0.2888
0.2793
0.4755
0.6297
0.7233
1.6661
0.5292
0.1716
0.3052
1.5253
0.1575
0.6290
0.8527
2.5518
0.0519
0.1182
1.4648
0.3216
2.2085
1.7689
0.5708
0.5120
0.0099
1.5114
0.9572
0.3318
0.5264
0.0049
1.7582
0.4882
3.0884
1.4836
0.0016
2.1291
0.9201
0.0024
1.6371
0.2339
0.0655
0.4648
2.1135
0.1323
0.3286
1.5626
2.8484
2.5886
1.5275
3.4782
1.3599
0.0440
0.0395
0.1794
0.3438
1.1597
1.3457
0.7187
0.4472
0.2141
0.4664
0.2501
1.5836
0.1859
0.1544
0.3749
2.1381
3.6569
0.5336
2.4851
0.9507
4.6819
1.1532
0.8165
0.9081
2.6599
0.3323
0.0426
5.1889
1.0430
1.1504
0.2470
0.3269
0.3263
0.3783
2.7716
1.2454
1.0215
0.7589
0.0000
0.2816
2.7609
0.2936
0.0335
1.5653
0.0369
3.8709
0.0327
1.0495
2.2339
1.9703
0.0303
0.0536
2.8031
1.8682
1.3274
1.2887
3.3041
0.6867
0.8535
1.4144
0.1780
0.1099
2.0581
2.6029
1.6090
1.1041
0.8880
2.3760
1.4017
0.7057
1.1986
0.3326
3.5978
1.3281
0.4634
4.1808
1.5712
0.9715
1.9257
0.2430
0.4712
0.0074
2.1919
2.1431
1.5008
0.0009
1.5852
0.1418
2.3857
0.7787
0.0476
0.1672
0.2277
1.4831
2.0689
1.4847
0.1582
2.2374
0.0740
0.0716
0.4002
1.3594
3.3623
0.7708
0.0588
6.5430
0.1763
1.4591
0.5202
0.2071
0.8756
0.3565
0.1618
1.1751
0.4244
0.1083
0.1804
0.1857
0.8518
1.7325
2.0404
0.7676
0.8144
3.1134
1.8757
2.1263
0.0736
0.4023
1.4983
0.0428
2.6570
2.5687
3.2120
0.1268
2.5921
3.4635
0.8997
0.0364
5.8314
0.5240
0.0399
0.2345
0.1670
0.8397
0.1113
2.9602
1.4184
0.7108
1.7747
1.7946
0.1548
1.0862
2.3879
0.4890
2.2357
1.4310
1.5611
1.8864
0.0934
1.3414
0.0023
1.9466
0.0468
1.3180
4.5020
2.4954
0.5101
0.3581
0.0389
0.6028
2.0907
0.6125
0.7442
3.8312
1.6443
2.5914
0.5879
0.2956
0.8875
0.3825
5.3715
0.1449
6.8736
1.0032
0.3450
0.0302
1.0859
1.2638
1.2518
3.4464
1.1868
1.3607
0.0744
0.2099
0.0513
2.2113
0.2524
0.2695
0.6139
0.5296
0.0379
0.6975
1.8241
1.2679
1.3002
1.8755
0.1423
3.7643
1.1901
0.2941
4.0641
0.0369
0.1615
0.7582
1.2961
0.9046
0.9312
0.0076
0.8643
0.3569
0.6086
1.2375
1.0438
1.0115
2.0102
0.0000
0.0460
0.3112
0.1969
1.5859
