0.3798
0.6360
0.7471
0.7595
13.0198
3.4851
1.1225
2.2932
0.4370
0.0069
3.5921
12.3923
4.3530
9.5594
16.8798
5.5191
0.8131
3.7103
9.5956
5.0751
0.0942
5.4445
2.3322
9.4022
1.7439
0.5095
0.8595
4.1456
3.3676
2.6215
0.3300
2.0434
3.6718
4.2008
1.2900
3.9732
2.5632
0.3680
0.9543
2.3897
0.3006
0.3092
2.3411
0.8471
4.4332
0.8633
2.6644
0.3099
5.4920
1.9490
0.8160
3.9413
0.1632
1.4387
1.5421
8.0543
1.3457
1.9012
2.1212
2.3073
1.7944
1.6229
9.7437
0.8188
2.3663
0.1740
0.6478
4.1847
0.5474
2.3981
2.4792
0.4755
4.7419
1.0157
5.7754
1.5426
0.3734
2.7842
0.2004
0.8812
0.0000
2.3379
0.0724
0.0934
3.0539
1.9262
4.1595
0.2644
9.7564
0.1522
2.5843
0.8053
1.2422
1.2102
2.4507
0.5492
0.1911
2.3977
4.2858
0.5298
1.3801
1.8695
1.7289
1.9033
0.7784
1.4889
0.0684
5.8085
0.6129
0.0952
1.9719
2.6791
1.3096
2.1486
1.7718
0.0278
1.5668
0.8633
2.9136
1.5655
1.7660
2.7864
3.2778
0.9343
0.4556
0.2828
1.3680
0.3624
1.1544
0.3850
2.9150
2.1952
0.8365
1.8778
0.3991
3.7425
0.0762
0.9457
3.6218
0.3640
1.5643
0.2151
0.3557
3.8468
1.8090
3.1832
0.4469
0.9034
2.2132
0.2307
4.1072
1.3349
3.5817
6.9894
6.2796
0.5307
1.6819
0.9012
0.4483
0.0059
1.0126
0.2073
1.1861
1.7507
8.5065
0.5110
4.3316
0.7991
2.2695
2.0543
2.0994
0.0015
1.0676
2.0135
1.9609
1.3840
1.0278
1.4758
3.5164
0.6946
1.2271
0.2174
0.4368
0.0574
2.2075
0.0546
5.8940
0.6993
2.8107
2.3632
0.9648
1.4707
2.1462
0.3420
0.4461
0.3835
5.2871
0.4326
0.2973
1.9775
0.5725
1.0800
0.5530
1.9425
0.2553
0.2932
0.0000
0.9226
0.4189
0.2791
1.0570
2.0415
1.0787
2.3594
5.3397
0.4419
0.0958
0.0764
0.4612
1.2390
0.9610
1.2483
0.1129
0.5214
0.6076
1.1806
1.0677
3.9608
0.0224
0.8577
1.2262
0.5090
0.3435
0.9281
1.4842
0.5287
4.9907
1.1091
3.8636
0.5062
0.2106
0.1547
1.7394
3.4283
3.0714
1.3899
0.0580
0.0008
3.2398
2.4207
1.5543
0.3728
1.3397
2.3938
0.7143
2.9514
1.8650
1.1793
0.6664
0.9551
0.2070
0.0000
1.2222
5.0690
6.7249
4.5863
0.1702
3.1365
1.9339
0.1856
0.8284
0.0419
0.3746
1.2256
0.4201
1.1370
0.6059
0.8719
2.1166
1.4300
0.5010
3.5588
2.1161
1.6657
0.0506
0.1442
3.4401
0.4363
2.9899
4.8651
3.3813
1.5128
2.0502
0.0724
3.7999
2.3942
0.3666
2.8029
0.0967
1.2485
0.5733
0.6581
0.2264
0.1176
1.9185
0.3996
0.0051
0.2981
2.0479
0.4029
0.4877
0.8896
0.5993
2.8931
0.3080
1.1010
0.5581
0.8505
0.5332
1.4769
0.6038
0.2761
0.0561
0.8426
1.1648
3.2021
4.1624
0.2649
0.4691
0.8039
0.9283
1.4048
1.0948
1.0223
1.1430
1.3824
0.8128
0.5011
0.3811
0.7613
1.5731
1.4173
2.0770
0.9042
0.9241
1.6167
1.6307
0.3869
0.9308
0.0051
4.9215
1.0079
0.5143
1.7345
0.5488
0.0479
0.5081
3.4097
0.5622
0.1213
0.0927
0.8024
2.2322
2.3065
1.5723
0.9339
1.6361
3.5015
1.1980
2.0273
2.3729
2.9503
0.4659
0.5817
2.0820
0.6981
0.2841
0.6677
2.5004
1.9889
2.7570
1.6831
0.0014
0.8292
0.0414
2.1445
1.8063
1.1345
0.6892
1.4056
0.4357
0.7685
0.0648
1.3364
1.2952
1.2126
0.3495
7.4988
5.1883
0.6926
1.4262
0.1964
0.1936
0.5282
1.8833
0.7961
0.4204
1.9219
0.2534
1.3371
2.4009
1.1879
2.3515
0.4836
0.1613
0.5192
0.9564
0.8702
1.2143
0.3223
0.6010
0.1541
0.2691
2.7677
3.2425
9.1508
0.3062
0.3156
2.9477
2.8724
0.3483
3.2051
2.1617
0.2236
1.6606
2.1012
0.7140
1.6871
2.0086
1.5829
0.2628
0.9044
0.5227
0.2826
2.7428
0.0030
2.7435
2.0069
5.5716
0.2558
2.3392
3.5322
0.3768
0.2028
1.5881
9.1367
0.3324
1.7973
0.1322
4.0630
0.8743
2.9599
0.5189
3.1813
1.0892
1.4319
0.0958
0.3555
0.3787
1.0034
0.2273
2.7012
0.3195
1.4149
2.3430
0.2655
0.6377
0.5124
2.1937
1.4999
4.1414
1.4239
0.2410
2.1869
1.3418
1.1405
0.5861
1.3888
0.3489
0.1286
1.0177
1.6092
1.7277
0.6456
0.0804
0.0148
1.0236
1.7664
0.6679
0.9628
3.2411
2.0619
0.5856
0.8458
2.6181
1.5681
0.1859
0.0505
0.6719
0.7437
4.4437
1.2119
4.1741
0.2326
1.5490
2.3828
0.3570
0.4636
0.6930
0.0010
0.1978
0.2038
1.8998
0.5028
0.5673
0.4300
2.0578
1.1183
2.0545
0.4651
0.3034
0.1141
1.1025
0.6543
1.4562
1.3040
0.2381
0.8702
0.3157
2.7646
0.4140
0.9823
0.0009
0.6246
0.3007
0.5662
2.8187
0.5146
0.0926
0.0601
3.0218
1.5301
0.0519
0.2311
0.8973
0.7005
0.0796
1.2953
0.4116
0.0095
0.4572
0.4058
0.2421
1.2606
2.4889
0.9333
0.1372
1.8707
4.0386
2.1964
0.4032
0.8836
4.8828
0.1419
0.4170
0.7325
0.2447
1.1265
0.2109
0.0312
0.2248
0.7034
0.0340
0.0078
0.7626
1.2166
1.0743
0.1645
0.1827
0.2496
5.0480
3.7682
1.9545
0.1005
2.8500
0.3424
3.4165
0.3925
1.9739
0.7019
1.4729
0.8885
1.0374
1.3833
0.0312
1.5543
0.7560
0.1646
0.6248
0.2254
2.2416
0.2560
0.6572
1.2196
1.0960
2.6364
1.0369
4.3500
1.7269
4.8114
0.5505
2.4285
0.3998
2.6670
2.1191
1.5049
0.5957
0.7936
0.2105
0.7687
1.8096
7.6091
4.1739
0.6260
0.5136
0.2557
1.0206
2.3071
0.0046
4.6375
0.6262
1.1710
0.7003
1.3813
2.0407
0.6423
0.6744
2.3144
0.8023
0.0311
1.1206
0.2775
0.0004
2.0265
2.3760
0.0313
0.0778
1.5547
3.1821
0.4635
1.1024
0.8592
1.5188
0.8212
1.0756
0.1320
2.2546
1.1726
2.0509
0.9217
0.9605
1.4748
2.5452
1.0020
2.5480
0.8004
1.1597
2.3486
1.8357
0.1370
0.7329
1.1033
1.1761
1.2598
0.7320
2.5858
1.2933
1.4826
0.9417
3.3875
1.7169
1.6486
1.8910
0.3735
4.2961
1.1469
0.7409
0.5620
5.5354
1.2593
2.5756
0.0064
0.4171
1.3776
1.4738
1.1904
3.7742
1.1459
3.0198
0.6089
0.5530
1.2458
0.5490
5.2579
0.7497
5.2493
1.0828
0.1401
0.4204
0.0199
0.2276
0.6429
2.6419
1.7181
2.0456
5.9638
0.8733
1.1361
0.0751
0.5174
1.3198
1.1934
0.4232
0.0454
1.9700
1.8145
0.9625
3.0189
0.0221
0.0171
1.6432
1.9200
1.6551
0.6520
0.8782
0.3311
0.2638
7.9041
1.8871
2.0665
0.5389
0.8794
0.0469
0.4175
0.1205
0.1863
0.2596
1.1658
2.1753
0.5549
0.2786
1.9410
1.1981
0.3708
0.4835
0.4662
0.3091
0.1555
0.6481
1.7815
0.4098
0.2829
1.1626
0.9764
0.9220
0.6926
0.4002
10.0716
0.0397
1.0541
0.0114
0.0437
1.9845
0.1296
1.6931
1.6087
0.9696
0.1073
2.1497
0.6489
2.6378
1.5161
1.6991
2.9649
0.7670
1.0963
0.6897
0.2608
0.5961
1.8380
1.0908
1.7461
0.2432
0.5858
1.4246
1.2817
1.1622
0.8131
0.4427
0.7241
3.0359
0.2738
0.6341
0.6435
0.6700
0.9562
0.5386
2.8180
2.8123
4.5003
0.5474
1.0754
1.1086
1.1767
2.7383
0.5908
0.1324
0.3331
0.1175
0.0985
0.2971
2.0007
3.4014
0.1326
2.0640
1.0271
1.8106
0.9465
1.0223
2.2052
0.8126
0.3156
0.2847
6.5626
3.0612
0.1997
1.8652
0.1379
0.5447
1.8149
2.5375
0.7720
3.3711
3.8727
1.4254
0.2198
1.8695
2.7872
1.3694
1.2841
1.0427
1.3850
0.7817
2.1242
2.2523
1.8774
1.1386
0.8960
0.8549
0.0000
2.9030
4.0662
0.0292
1.1600
0.9803
0.4040
1.8517
0.7156
0.6720
0.2289
1.2919
0.0509
0.0672
0.1574
0.2011
0.2148
0.0891
1.5104
0.0000
0.3090
3.9709
1.3889
1.3884
0.9370
1.1825
1.7881
3.5860
1.7971
0.6295
0.0023
1.0767
1.6850
2.1780
2.0392
3.1311
1.7734
1.6366
2.9077
0.0001
1.6003
2.4815
0.9261
0.0958
0.4524
0.0000
0.0223
0.6209
0.5127
