1.6994
8.3630
3.8354
11.6573
0.7600
1.8215
0.6362
1.1770
1.4554
0.3934
0.2603
3.4165
0.4620
2.2545
1.8923
6.5626
1.6997
1.2726
1.6622
1.1842
0.0286
2.5750
0.7258
1.1479
2.5431
0.8644
0.1307
0.3765
0.0422
0.4679
0.2949
0.3420
0.5910
3.8436
0.2994
1.1829
0.1107
0.8433
0.4978
1.8401
2.7407
4.3473
0.8213
0.6999
0.3613
0.7774
1.9813
0.0442
1.2500
3.1954
2.0708
0.1322
0.0104
0.7292
0.6050
1.0448
1.4524
4.4281
2.8433
0.0002
1.9119
0.1091
0.3912
0.2887
1.0105
0.8561
0.2253
2.0621
0.1149
1.6799
0.6182
0.7586
0.7365
2.5063
1.9023
2.6887
0.4573
0.0752
0.4837
1.5191
3.1044
1.3918
0.4726
3.4194
1.0248
1.5883
0.9701
0.4330
0.7120
0.8394
1.1365
0.4722
1.5793
0.0117
0.0024
0.0209
0.2340
0.0899
0.0270
5.5215
0.0068
1.9354
0.4613
0.6441
1.0209
0.3860
2.1368
0.7645
0.0092
1.7848
0.8212
2.4242
1.7256
0.1565
0.8594
1.2559
0.0020
0.9337
2.1584
0.2794
0.3207
0.2936
1.0662
0.2119
0.2088
4.0140
0.3803
0.0580
0.0777
2.2130
1.9072
0.8852
0.1203
2.5966
0.3192
0.4424
1.8219
0.1807
0.8316
2.4423
4.3385
1.7728
0.3304
3.2429
0.0852
0.9511
2.9147
0.0499
1.7748
1.1761
2.6121
3.7585
1.3596
1.5851
0.2763
6.5456
0.5967
0.8475
3.1943
3.3273
5.6196
1.8057
1.0228
0.3502
0.0120
3.9729
0.3102
0.7265
3.3211
0.7627
0.1337
0.1572
1.2617
0.1242
0.2809
0.2874
1.2937
0.3365
0.1612
0.0000
1.4924
2.2237
0.0227
2.7897
1.9045
1.1580
0.2283
0.6650
0.9078
0.7061
0.3268
0.2166
1.4998
0.1069
0.3169
2.9602
0.3107
4.0543
0.3705
5.0822
3.2215
0.3683
0.1393
3.0668
2.4801
0.1532
0.2534
0.0676
0.0019
0.2953
0.9914
0.6754
0.3294
0.8707
0.0002
0.3283
0.6597
0.5064
2.0605
1.0357
2.0822
1.6342
0.5823
6.1896
0.2852
0.3172
0.0905
5.3189
0.2511
0.0342
1.0070
0.6455
2.3532
0.3951
1.1111
0.0473
1.2051
1.7388
0.4170
3.5488
2.5999
1.1909
1.0514
2.5819
0.0363
0.3915
4.2933
1.3284
0.1047
0.5494
2.6620
1.3673
0.5940
2.7235
0.4072
1.8979
0.2870
1.3141
0.5168
0.5012
0.0677
1.1078
1.6647
1.2399
0.0000
0.4497
0.1776
0.4185
0.4591
3.6190
0.3860
0.6218
1.0157
4.2084
1.3140
0.0485
2.5980
0.2884
0.0878
1.2109
2.3550
3.1563
1.8705
2.2099
0.7374
2.1053
0.1018
0.3935
0.8909
0.7017
1.6411
0.8942
0.1711
0.2272
0.4818
0.7555
0.8668
0.5612
5.3755
2.5276
0.8938
1.9669
0.5099
1.4600
2.6572
0.7819
0.0620
0.5653
0.0707
1.6105
1.2554
0.3185
0.0519
8.3685
0.0001
2.9757
0.8501
4.9325
0.0321
0.7419
1.3664
0.5708
1.1953
1.1312
0.6126
0.3540
1.7785
0.0037
0.7946
0.0210
0.8991
0.6691
0.3236
1.3870
0.1071
1.1122
2.7183
0.8440
0.0128
0.8518
0.3123
0.3019
2.3996
0.0011
2.6643
2.6760
0.1839
2.1222
0.2033
0.3217
0.0021
0.6709
1.2450
1.8808
1.7563
1.4652
1.1638
3.4277
5.6411
0.1295
1.5889
0.7623
1.9008
3.2475
0.5820
1.1466
0.5847
0.4710
0.3076
3.1206
3.4525
0.9826
3.8208
0.1452
2.4095
3.6923
0.4143
0.0420
0.6089
2.5782
0.0469
0.4188
0.1318
1.1680
0.0118
1.5452
1.0445
1.6486
0.8416
0.6174
2.1324
0.7335
0.6807
3.4383
0.1463
0.5060
0.1318
1.1418
0.2434
1.3356
0.4423
0.1144
1.3090
0.3135
1.2618
2.0311
2.9251
2.3083
2.6477
0.9920
0.4627
0.0056
4.1347
0.3245
0.0819
4.2009
0.9726
0.0216
1.0961
4.1054
0.2845
0.2304
0.5993
1.9612
1.6189
2.8508
0.6296
0.7552
1.4867
1.2170
0.2961
0.3006
0.0586
0.5589
0.2366
0.0000
0.9754
1.1862
0.0233
0.2338
0.3841
0.3308
2.3941
3.5011
0.8057
0.1091
3.5049
3.3734
2.7412
3.5913
1.0126
0.4538
0.8734
4.6121
2.1582
0.1470
1.0270
0.0006
2.7795
0.3598
0.0940
2.5208
0.5618
0.0210
1.9842
0.8628
0.0383
1.1776
0.4935
1.6894
5.4133
2.4149
2.5136
1.8438
4.2226
0.0342
0.2158
0.6818
0.1432
0.1553
0.7583
0.5315
0.5337
3.1181
0.6989
1.7137
1.8410
1.1094
1.8250
1.3173
0.0293
0.1829
1.4803
0.6259
2.5068
4.8667
1.3814
4.1276
1.9844
2.0366
0.2258
0.6431
0.1902
0.4000
0.0321
0.7664
0.9958
0.0992
0.0000
0.2618
0.0504
0.5284
2.3577
1.0765
2.7425
0.0656
2.9446
0.6379
0.7159
1.3111
0.9605
0.0224
1.9892
0.2766
0.9520
0.5359
0.7375
0.0326
1.7061
1.7129
2.4662
0.1707
0.5580
0.3438
4.0572
0.2355
0.4588
0.9771
0.8624
0.4029
3.8291
0.7408
1.1101
0.3926
0.3876
0.0711
0.0154
0.7894
0.6528
0.9591
2.3105
0.0298
2.2791
0.1285
1.7101
0.5283
0.4264
0.1023
0.6788
3.5676
0.8806
0.8925
1.8481
1.7583
0.5296
0.1335
0.1428
2.0971
0.0328
0.0700
0.1050
0.0204
0.2263
1.2835
1.3725
0.7359
0.2845
0.0328
0.7571
0.9430
1.1229
0.6445
0.4628
0.9602
0.3832
3.7120
0.0286
0.5132
0.6619
1.2939
4.4493
0.6123
0.0002
1.0275
0.5845
1.2890
0.0933
2.3074
0.0269
0.4472
1.0309
0.0414
2.3179
0.0061
0.4080
0.0137
0.0481
3.6167
0.1440
0.6918
0.0714
0.9324
3.0321
1.0665
0.0967
1.6809
2.3473
1.4006
1.8079
0.9344
1.3288
0.0053
5.4031
2.1346
1.3962
0.8801
0.4770
1.2557
0.5077
1.5315
0.2377
2.8069
1.4393
2.1776
1.1614
1.0757
1.6176
1.7441
0.2023
0.0822
1.0068
0.1440
1.0279
0.7678
1.3062
0.5876
0.2376
1.6250
0.3071
0.6798
0.0474
2.7069
0.4699
0.0170
0.6974
0.2952
1.3885
1.0842
2.4732
0.2040
1.1842
2.0846
1.5146
0.1613
1.3828
0.9469
0.3761
1.4059
0.4702
0.1429
1.1906
0.2150
1.0572
0.9535
0.9349
0.5870
0.7254
1.4455
0.1429
0.1233
0.6335
0.9306
2.2386
0.2176
0.3044
1.1384
0.1396
1.9716
0.7327
6.3030
0.0203
0.8833
2.3339
0.1132
0.2798
0.6603
2.9294
7.4660
2.3955
1.9613
0.4144
0.4670
0.1679
7.8375
0.6379
1.8171
0.2904
0.6224
0.6445
0.8372
0.2905
3.1224
0.1264
0.5853
2.4365
3.7134
0.5493
0.0000
1.5851
0.1451
0.2907
1.9088
1.5301
2.4130
1.0736
1.9676
0.8284
0.0058
0.4586
2.7947
0.5932
0.9341
0.7191
0.0002
3.6952
0.4040
0.3821
2.0888
0.2758
0.4042
1.0503
0.3456
0.1404
1.6831
1.0572
1.4891
3.6515
1.4629
0.4715
0.7409
0.1102
1.2095
0.7113
0.0934
1.8603
0.9955
1.3343
1.3642
4.1453
0.3028
1.1312
0.3723
0.1159
3.1667
0.5251
2.4890
0.3599
0.5636
0.0613
0.6744
0.3704
0.6967
0.2142
0.0856
2.6041
0.3286
0.0423
1.0616
1.4748
0.7410
2.3772
0.6758
1.6841
0.7116
0.1003
0.8854
0.3960
0.7958
0.0123
1.2133
1.8309
0.4241
0.1448
0.6726
1.1068
0.5583
0.5700
0.0428
0.9002
0.3083
1.8429
0.0132
0.1546
0.7349
0.6697
0.1646
0.0741
0.8031
0.3955
0.0705
0.6261
0.6829
0.1964
1.6817
0.8695
1.4694
0.7060
0.9670
1.9967
0.5687
0.1275
1.4288
0.0143
0.0093
0.6184
0.0297
1.1053
1.9420
0.5370
2.0335
0.6492
0.4460
0.0011
0.5047
1.1063
0.5477
0.0003
0.2368
1.1370
0.3805
0.7963
0.4339
0.6379
2.8254
0.6896
2.7766
0.1052
0.0109
1.1767
0.0799
0.8618
0.6218
0.8857
0.2952
0.4462
1.0800
2.5349
0.3851
2.1540
0.2173
0.6120
0.8037
0.7103
0.5914
0.3899
0.3094
1.3637
0.9361
0.7547
1.0461
0.9965
0.3111
0.9847
2.2457
1.5946
0.7080
3.0076
1.1981
5.3317
0.0974
1.7664
4.9003
2.4985
1.6925
1.2660
0.1847
1.2283
0.1127
0.4463
3.5393
0.0478
0.3644
0.6380
0.1363
0.4251
1.1075
0.5501
1.7576
0.0612
0.3714
1.1321
0.6458
0.4470
0.0659
1.3791
1.2683
0.0679
0.1997
2.7722
0.6534
1.0037
1.7784
2.1891
0.1896
0.7500
4.4397
0.6694
1.1925
0.5685
0.6361
0.3939
0.2896
0.0406
0.6726
1.4580
0.2441
0.6379
0.4260
0.0004
0.9029
1.3045
0.3197
0.8242
0.5809
2.1830
3.7946
0.0578
0.0775
0.5556
2.3995
0.3429
1.9727
1.2811
0.1337
3.1598
0.3400
0.0002
1.0914
0.1384
0.4091
0.8045
1.0666
3.4552
1.0501
0.3844
1.3039
0.2519
0.6342
6.6606
1.4733
0.0385
3.3309
0.0405
0.3667
0.3554
3.6107
0.0711
0.0389
0.0956
2.2053
0.5452
3.8668
1.7573
1.3447
0.4649
1.0656
1.5530
0.6778
0.9428
3.9876
0.2954
0.6744
1.4402
3.1191
0.4483
1.2088
0.4390
0.0817
3.0857
2.0597
1.0666
2.1903
0.0169
0.2397
1.0813
2.5897
3.1270
0.7812
0.1811
0.6275
