0.7190
4.2483
1.1665
0.7754
0.3635
1.7409
1.4771
1.5849
0.9645
2.2860
0.1147
2.3466
1.9435
0.1483
0.1975
1.8695
1.1117
1.0627
0.0315
1.5234
0.7289
0.1461
0.2335
0.5796
0.1780
0.2733
0.6012
1.2118
0.1318
0.3537
0.1147
0.2928
1.0225
0.1397
0.7799
1.0772
0.5652
0.4304
0.4247
1.0401
0.2872
0.2571
0.7678
0.0308
1.0707
0.2412
0.1391
0.2413
0.5400
0.5139
2.5260
1.6595
0.5684
0.4841
0.8077
0.0628
0.0061
0.0057
0.1230
0.0271
0.6598
0.4904
0.8642
0.1817
0.2755
0.5679
0.3069
0.0380
0.9744
1.3615
0.4912
0.8648
0.8650
1.5449
0.0225
1.3083
0.2948
0.5826
0.0678
0.0008
0.2470
0.0887
2.3618
0.8355
0.1929
0.3677
2.5735
0.5298
1.0563
0.5510
0.6582
0.1051
0.4817
0.1069
0.4040
1.6725
0.3321
0.2547
0.6711
2.1363
0.6362
1.7024
0.1712
0.8816
0.0636
0.5828
0.0596
1.2998
0.3117
1.2818
0.1246
1.7001
0.2656
0.1808
0.0979
1.5497
0.2133
0.9972
0.1930
0.5748
0.2099
0.1368
0.5673
2.7973
0.1503
0.1178
0.3004
0.4054
3.3807
0.1248
1.0681
0.5813
0.3707
0.6656
1.6773
0.4979
0.7828
0.1264
0.2210
0.1548
1.3622
1.4426
2.0054
1.0624
0.1815
0.0362
0.0071
1.0191
0.0045
1.0909
1.1420
0.1205
0.2654
0.3958
0.8837
0.1209
1.4386
1.8795
0.0803
0.9507
1.7799
0.0557
0.2286
1.1428
0.4980
0.6475
1.3379
0.3179
0.0122
0.3131
0.0513
0.3811
0.3837
0.3348
0.0908
0.3357
0.0626
0.7013
0.0988
0.1353
0.8145
1.6966
1.0645
0.3529
0.2578
0.3215
0.5089
0.8987
0.0409
1.1976
1.7241
0.4626
0.0134
0.9736
0.5000
0.2756
0.0010
0.1488
1.4521
0.0081
0.0865
0.6676
0.0664
0.1118
1.7520
0.1525
0.6917
0.4021
0.6970
0.1751
0.8881
0.0534
0.5679
0.1968
0.0728
0.7862
0.1187
0.5187
0.0148
0.0164
1.0019
0.2505
0.8859
0.1281
0.8809
1.5410
0.1309
1.0084
0.7525
0.4756
0.0349
0.2869
1.7625
0.6085
0.3719
0.7956
1.2243
2.3086
0.3897
0.1217
1.2817
3.1240
0.0419
0.5510
0.8805
0.3136
0.1301
0.1294
1.5288
0.7486
0.2923
1.3359
0.0513
1.3629
0.2146
0.3906
1.0133
1.0683
0.7365
0.5734
0.8833
0.9884
0.0556
0.4575
0.1111
0.5756
0.8139
2.5764
0.2194
0.3556
0.2013
1.6439
0.9195
0.2870
0.2609
1.7998
0.5091
1.0192
0.2681
1.1884
0.1237
0.0075
0.4831
0.2368
0.4088
0.5002
0.0340
0.1906
0.6598
0.1889
0.1861
0.7534
1.3013
0.8413
1.1876
1.2450
0.0063
0.0687
0.5701
0.9011
0.9884
0.5750
0.2791
0.2090
0.4697
0.1466
0.3627
0.0630
0.0697
1.2849
2.4795
0.1527
1.4698
0.6184
0.6974
0.3174
0.1706
0.9687
0.7389
0.6397
0.1849
0.7686
0.5980
0.2994
0.2642
0.3973
1.1749
0.0561
1.1869
0.5276
0.2673
0.2484
0.8677
0.1881
1.0915
0.1493
0.6397
0.1119
0.3045
0.2801
1.1939
1.3816
1.5764
1.8665
0.8695
1.0140
0.9254
0.5983
0.4475
0.0231
0.2403
0.0080
0.7321
0.5777
1.3989
0.0534
1.8733
0.5911
0.2831
1.6401
0.1452
0.5592
2.3010
0.6204
0.0398
1.9145
0.3442
0.6808
0.8481
1.0031
2.7503
0.0626
0.7418
0.3479
0.2789
2.9794
0.5988
0.5975
0.5215
0.1555
1.2606
0.2744
0.0050
0.6105
1.2335
0.0213
3.8347
1.0268
0.0722
0.7136
0.1602
1.5875
1.3852
0.9933
0.0203
1.1731
0.3464
1.0800
0.3572
1.1601
0.0548
0.0351
0.3472
1.1678
0.3811
0.5200
0.1237
1.4187
0.2791
0.0341
1.3074
0.3621
0.5453
0.3237
0.8684
2.3373
0.6909
0.2209
0.2020
1.3180
0.4128
2.0113
0.6584
0.0852
1.4303
0.6110
0.1052
0.5551
0.9033
0.0645
0.5082
0.1507
0.0839
1.1776
0.3362
0.0020
1.4129
0.6587
0.3480
0.2836
0.7565
2.4177
0.1417
0.4602
0.7276
0.5228
1.3092
1.1415
0.1270
0.5416
0.1036
0.9750
0.1283
1.1454
0.9275
0.2624
0.1769
1.1196
0.6945
0.5643
0.1749
0.9227
0.4612
0.1719
0.6394
1.1025
0.5867
0.0062
0.8823
0.4243
0.5445
1.3644
1.1338
0.0710
1.8071
0.2727
0.5617
0.5139
0.0905
0.3237
0.2441
0.6957
2.5510
0.8383
0.0946
0.1484
0.4581
0.1682
0.3449
0.3373
0.8639
0.5552
0.1338
0.7566
0.0680
1.7832
0.3149
0.1368
0.2820
0.4584
0.3880
1.0030
0.9275
0.0694
0.2227
1.2106
0.0440
0.0068
0.4927
1.7713
1.0763
0.4065
1.3632
1.5683
0.0524
0.2579
0.5095
0.2326
0.0707
1.5509
1.9895
1.4742
0.0857
1.2559
0.4886
0.2722
0.7774
0.5240
0.1819
0.0544
0.8364
0.6630
0.2420
1.0808
0.4352
0.0854
0.0935
0.4279
0.3570
0.4112
0.5402
0.1673
2.3131
1.5730
0.0002
0.0554
0.3642
0.1968
0.7071
0.0416
0.4249
0.8899
3.3624
0.1524
0.8003
0.6470
0.2175
0.5051
1.8793
1.0314
1.2765
3.2825
0.7719
0.0626
0.1871
0.0316
0.1232
4.0309
1.4225
0.0053
0.6726
0.4291
0.7071
0.6936
0.8782
0.5762
0.7043
0.8202
0.4677
0.0067
0.1797
0.5164
0.7347
0.2700
0.6659
0.0225
0.3767
0.0757
0.7434
0.0813
0.8474
0.2818
2.2932
0.0550
1.2964
0.2311
0.9226
0.4354
1.3892
2.4794
0.1563
0.3416
0.6682
0.6869
1.5480
0.7116
1.6741
0.1194
0.7945
0.0144
0.4602
0.4794
0.9290
0.2944
0.1817
1.3850
0.3483
0.2279
0.0450
0.7173
0.1241
0.4576
1.3578
1.2639
2.1640
1.7478
0.7963
0.9348
0.3070
1.7367
0.4311
0.6501
0.6457
0.8170
2.5815
2.0085
0.1545
0.8053
0.0401
0.1422
2.4601
1.1715
0.0290
0.3964
0.4081
3.0905
0.0528
0.3546
0.1737
0.0757
1.1920
0.8228
0.0000
1.3458
0.0011
2.5817
0.7676
1.0314
0.1480
0.2274
0.3684
0.6995
0.7733
0.1642
0.3815
0.7652
0.0010
0.1517
0.5107
0.3153
0.8883
0.5777
0.0454
0.0546
0.0776
0.1703
2.7225
0.2748
0.4477
0.9283
0.0535
0.0951
0.4546
0.4343
0.3242
0.8998
0.7143
0.4492
0.5095
0.1815
0.5424
0.5755
1.8696
0.4433
1.6271
0.6884
0.5251
1.0025
0.6833
1.4802
3.1831
0.0766
0.7858
1.4957
1.4106
0.7986
0.2490
2.3460
0.3695
2.2695
0.0271
0.8529
0.2525
0.6450
0.1991
0.0800
1.2195
1.0830
0.0684
0.0285
1.3767
0.6853
0.5580
3.4439
0.2139
2.3559
0.1536
0.4515
0.0545
0.2870
0.3235
1.0238
0.0041
1.6461
0.1914
0.5947
1.3394
0.9203
0.9123
0.6564
0.0697
0.3840
0.4920
0.6499
0.5116
0.3418
0.2977
0.8908
0.2263
0.7076
0.0120
0.5778
0.1778
0.5321
0.2615
0.4280
1.1526
0.1405
1.5177
0.8228
0.0689
0.9846
0.9230
0.1506
0.5907
0.0000
1.5415
0.0010
0.1286
0.0860
0.1866
0.2944
1.9486
0.8290
1.5498
1.6492
0.0510
0.2740
1.4514
1.1765
0.1404
0.6092
0.5934
0.7830
0.5902
1.1726
0.6436
2.3278
1.0666
0.2794
0.0165
0.2073
0.4947
0.5752
0.1377
0.5455
1.1973
1.6005
0.6074
0.8370
1.2116
0.1477
2.9011
0.0844
0.0365
1.4622
0.3076
0.3776
0.3047
1.3493
0.7290
0.8994
0.1465
0.2163
0.8571
0.1924
1.0245
0.0011
4.1322
0.4157
0.5216
0.1152
0.6205
0.7748
1.2766
1.0973
1.3935
1.2565
1.4241
1.4363
1.3573
0.3719
0.5027
0.5187
0.2385
0.9051
0.9459
2.1615
0.5643
0.1574
1.7500
0.3238
0.3395
1.4575
0.3505
0.1885
0.3468
1.0019
0.5242
0.6280
0.2344
1.1597
1.0260
0.4868
0.7434
1.1525
1.0979
0.3822
1.1556
0.6747
0.3927
0.4665
0.5115
0.3079
0.1862
1.2573
3.6594
0.8025
0.4389
1.4847
1.3427
0.9323
0.2580
2.2462
1.4750
0.8851
0.2266
0.0371
1.4699
0.2761
0.4258
0.4076
0.2617
0.9556
1.0734
0.0142
0.7276
0.3329
0.8908
1.1227
4.3887
0.5784
0.1210
0.5898
0.7047
0.7530
1.1036
1.9981
1.0024
0.0599
2.5676
0.6557
2.0733
0.0470
1.8207
0.2091
1.3147
0.6692
1.0878
1.0855
0.5601
0.7296
0.1327
0.4960
0.5138
0.0803
3.1843
0.0296
1.4286
0.4459
0.1017
0.5012
1.0879
0.2782
1.1236
0.0281
0.7524
0.0241
0.6932
0.1714
0.1633
0.2227
0.0706
0.2005
0.5247
0.0939
0.1008
0.1300
2.3431
0.0505
0.5712
0.7614
1.0680
0.4302
0.3494
1.1715
0.0033
0.2554
1.5001
1.7402
0.2900
0.6883
0.4456
2.8098
0.2079
0.3631
0.3063
0.6237
2.1759
0.3286
0.0123
2.1756
0.4134
2.1375
0.5645
0.6329
0.4555
0.0003
0.5351
1.6221
0.6670
0.1128
0.0389
0.3527
1.2274
1.6163
0.3206
0.2830
0.1945
0.8468
0.0825
0.4210
0.0027
0.1590
1.2198
0.5031
0.4118
1.1227
2.6469
0.8169
1.5737
0.2534
0.6504
1.2469
0.1012
0.5962
1.1831
1.6985
1.8021
0.2845
