12.9269
14.0253
6.8028
3.2224
0.3509
0.7224
0.4116
15.8184
1.8931
8.7352
2.4159
0.0002
2.5982
8.4482
12.0312
1.8146
9.2134
2.5595
4.3654
0.9276
3.5639
4.7338
3.6421
2.2276
2.7802
0.8238
2.0991
5.3079
3.5447
0.2716
1.6796
2.3218
1.0939
0.0100
0.4510
1.8998
1.7884
0.4027
2.5048
0.2239
1.3078
2.2662
4.9706
4.2505
0.0364
0.7991
0.5052
0.8079
0.0075
0.3561
0.0007
0.1940
0.8111
0.9026
0.4695
2.2316
0.6143
4.6422
5.9959
1.8956
4.2830
1.3252
0.1701
0.4739
3.3872
0.0132
0.7337
0.3720
5.6805
0.3359
1.6372
1.5761
1.3900
1.7583
2.7062
1.0334
8.2329
0.2119
1.5195
6.7374
0.8549
2.1854
5.5941
1.6056
0.5236
0.0744
0.3651
5.3776
0.2796
0.2435
1.8612
1.4996
2.1456
0.9469
0.2202
0.0018
0.2513
1.8674
0.0913
4.4956
4.4745
0.5740
2.7278
1.7326
0.4814
2.2261
1.6593
1.0126
0.3783
0.1444
0.3629
1.2793
3.4291
2.6211
0.3503
0.3096
0.2120
2.3724
0.6781
0.6376
2.2413
3.6123
2.1463
4.0986
0.1270
5.0418
0.5101
2.9511
0.5942
3.7357
1.9321
3.7534
3.8981
0.9770
1.0529
2.4044
2.4533
7.0989
4.2650
1.5549
0.3730
0.2057
1.7476
0.0817
1.5699
0.3561
2.0504
1.4251
0.3690
0.1427
0.1090
0.0541
0.6680
0.5470
1.2574
0.6017
2.1269
4.4018
0.2428
6.4524
5.1563
1.6253
10.5284
0.1338
0.9113
1.6709
2.2163
5.2769
2.9094
0.0453
2.5577
2.2933
1.4645
4.3332
0.8052
2.5665
1.0952
1.5710
0.8630
0.0178
3.0960
8.9135
0.9801
0.2752
0.1131
0.3784
0.0059
4.8575
0.9923
0.0380
3.5617
3.7811
5.2250
0.1651
2.0055
0.6331
0.9401
5.3277
2.1357
1.1568
3.7428
0.0829
2.3850
1.7185
5.8334
0.5925
0.1233
2.2562
0.2045
1.3562
0.5471
3.4118
2.2787
1.9766
0.2428
6.1700
5.1680
0.2449
0.7747
0.4407
0.2305
2.7054
0.3242
14.3234
0.0967
1.0542
1.6518
2.0854
2.0960
0.8659
0.0846
0.6987
0.6314
0.8224
1.2495
0.2706
0.0001
0.4428
1.2878
0.0101
0.6656
0.1076
2.4730
2.5160
0.0814
0.9273
0.3638
0.3265
1.2445
0.1834
0.2978
0.7581
0.5822
0.0511
2.1258
0.2079
0.1416
0.2868
0.8059
1.7968
4.4612
2.2444
1.6556
0.3300
1.4695
2.5030
0.7903
0.9425
0.4567
1.9254
2.0388
4.2019
0.2330
1.1541
2.6005
1.2867
1.5358
0.0378
3.0460
0.8554
1.1410
0.1217
1.5778
1.1213
0.0921
1.6786
0.8304
2.4700
2.9251
0.9852
2.1956
2.8708
0.6901
3.0147
3.6369
3.5253
2.9358
0.8072
0.4413
0.3266
0.4829
1.1563
0.9461
0.8817
1.4811
0.9824
0.7052
0.8408
1.7878
3.3888
1.3519
6.1937
3.7238
0.2058
2.9163
0.4223
0.0412
0.1923
0.2355
2.5364
0.9038
0.2910
0.6943
2.0557
0.3059
0.5079
4.6457
1.1171
1.2249
0.8269
0.7578
0.2163
0.9406
1.9169
0.1747
0.0050
0.7843
2.6797
0.8747
2.4229
4.4514
0.4664
0.9722
0.1504
0.0376
4.9702
2.1835
6.8657
0.3434
0.1936
0.8672
0.9957
0.2605
1.2847
0.1787
4.0075
0.7845
0.4548
0.1270
0.1032
1.0673
1.5745
1.0072
2.9048
1.9846
0.9908
0.8531
0.9638
0.2289
2.6693
0.2173
2.0295
4.9293
0.0024
3.1375
2.0808
1.7237
3.9549
0.6306
7.8187
2.3174
1.9890
1.2434
0.2425
1.8207
2.6574
2.1321
0.1450
1.9764
0.4000
1.6113
0.5147
1.7797
1.7624
0.4975
11.1685
2.1133
1.7090
3.0968
1.5921
6.8896
8.6791
0.4154
0.0077
0.0968
1.8254
6.0707
2.2437
0.5096
1.3969
0.0088
1.3311
0.2895
0.8161
4.4462
0.0441
2.7132
1.8481
0.4733
4.1029
0.4866
1.1320
0.3836
2.6429
1.6712
0.4672
1.2748
2.7128
2.2320
0.6173
0.7707
0.1620
0.0209
4.0019
0.5583
1.0484
0.1713
4.1232
2.0145
2.1370
0.4481
0.3492
2.3980
1.6647
0.1040
4.4024
0.4188
0.0701
0.1606
0.6769
0.4338
2.1746
0.2399
0.6458
0.5037
1.1404
0.3627
0.0906
1.7578
2.0411
0.6435
1.0859
0.8187
0.8207
0.9066
0.6696
1.1869
1.2157
1.9580
6.7332
0.5407
2.7472
2.0887
0.2177
0.5035
0.5382
0.5509
0.7270
0.9296
6.3890
0.6437
3.1265
0.2683
0.9692
0.3707
0.0871
0.7438
0.0481
3.4025
0.3087
2.1894
1.3026
0.5836
0.4491
3.4452
1.4103
1.1897
5.4569
2.4366
0.2288
0.8926
2.6835
0.0389
1.3697
0.9310
0.5016
7.0757
1.7898
0.1649
0.4751
1.0930
0.0552
5.8291
3.8230
2.4416
0.3081
1.7044
1.0544
5.3611
2.6083
0.5257
0.0216
1.6775
0.9465
0.2533
0.3374
3.3356
3.2937
8.5165
1.1415
2.2758
2.5618
5.3627
0.4197
3.0473
1.4697
0.6775
1.3858
3.1543
0.2113
0.2416
3.2190
6.3074
1.2855
0.8286
0.7617
2.9148
0.9107
0.3121
0.0056
0.8459
0.6445
0.9780
0.9177
1.6775
0.7001
0.6773
1.1582
1.3172
0.9677
0.4863
1.9223
0.9523
3.6685
1.9186
1.0208
1.8479
1.1519
1.8936
1.0762
0.2910
1.8228
0.0819
1.4976
2.3466
1.4490
0.9908
2.9161
1.7296
0.6099
0.7411
0.4046
4.9849
0.0367
1.6111
0.3784
1.1932
1.8149
1.8920
3.9044
2.7284
0.4644
1.7320
0.3574
6.9279
2.3132
1.2023
1.2206
0.6005
2.2111
6.7428
0.3816
0.4076
2.5291
2.8367
3.6567
1.1786
0.5379
0.7028
0.2857
3.7705
0.1281
3.3065
2.4405
0.5753
1.3020
1.3875
0.3913
0.8486
6.3218
0.8613
3.1050
2.4334
6.3028
1.0586
0.0915
0.6457
2.5175
0.6413
0.8913
1.8195
0.7134
4.4264
2.0765
0.0038
2.4240
1.7080
3.4225
3.6726
7.5000
1.8348
1.0587
0.4430
0.1390
0.5038
0.4534
2.1026
3.0285
1.2882
0.5133
0.7049
3.0235
0.0000
0.0520
1.0224
1.0457
1.2750
1.5871
8.0026
1.1391
0.5685
1.0363
1.4809
2.5221
2.4856
1.3433
1.0257
1.7187
3.0156
3.1442
3.0425
0.0334
2.7578
0.0014
3.4356
0.0003
7.2639
0.0409
0.3296
0.6153
1.0123
3.8956
0.0557
0.7363
0.3888
1.4306
1.0009
0.4148
2.4483
0.7403
6.4207
0.2294
0.0934
0.3231
3.2462
1.3904
0.1113
0.6686
0.6066
2.2162
4.6827
2.6300
2.6546
1.8402
0.3590
3.0233
5.8366
0.1687
0.6495
1.8186
4.2079
1.1323
0.6808
1.3374
0.0731
0.3819
2.9122
2.8290
1.5194
4.2643
0.3156
3.4282
1.5134
2.8596
0.3356
0.6175
0.6909
0.3401
1.5140
2.4356
0.0744
3.0614
0.8459
0.0000
6.4978
1.1948
1.7170
1.2883
2.1312
0.5510
3.0467
3.2690
0.1820
2.4996
0.4505
0.4899
2.7345
4.4995
0.9218
2.5100
0.6255
0.4025
0.5189
0.1161
2.7947
1.5556
0.3120
4.6410
3.2572
1.2782
0.0002
0.2577
2.3726
2.1781
1.2132
1.3364
0.0510
0.3967
2.2361
1.8228
4.5034
8.0692
0.3428
1.5632
0.0205
0.7223
0.4738
2.3610
3.3990
2.7800
0.2268
0.5840
0.0735
0.5071
0.4272
2.2801
3.4499
0.5241
0.9325
0.1344
0.1155
0.3732
0.3803
0.5563
0.5692
1.1984
0.8086
0.4359
1.3507
0.1282
0.0005
3.1439
2.1166
0.0038
1.3146
0.5825
1.6604
5.0735
0.1453
0.4793
0.0293
2.6624
0.1266
0.2494
0.5151
3.9511
0.1110
0.0000
2.7104
4.7603
0.2165
0.3963
3.7957
0.7593
1.4324
0.4584
1.3946
2.1822
0.5330
0.7320
2.2881
1.5304
0.2780
3.9405
2.8234
0.3665
3.1975
2.3522
2.1795
0.0703
2.5298
0.6987
2.9557
4.1683
0.5146
0.3214
2.3152
0.3769
0.0623
7.0359
0.0371
2.8122
2.9175
0.2981
7.1991
0.8441
1.7936
0.7310
2.5157
0.8114
1.6734
1.6821
3.0698
3.6175
2.4720
3.5631
1.8549
3.5473
1.2229
2.6195
0.1582
0.0010
0.0065
0.9347
0.0041
0.0245
0.6296
1.6000
0.0453
0.7551
2.9278
0.1495
0.8897
0.0797
0.7780
0.0390
4.7431
7.1296
0.0567
3.1486
0.5828
0.5048
0.0016
0.6291
10.7710
3.0174
1.5296
0.9908
0.1363
0.0088
0.0003
2.3040
0.5921
4.5605
2.3609
3.2201
0.1928
0.8965
1.6244
0.2960
0.4815
1.3328
0.5915
1.2448
2.6582
6.2592
0.2009
0.0236
4.1279
0.0148
0.9114
1.9222
0.4105
1.2191
0.9933
0.1955
4.1591
0.8843
0.7477
1.0969
0.1071
6.1635
0.4516
0.2378
0.4324
1.8689
4.4532
2.4325
1.2453
0.0646
1.1173
1.3747
0.7763
0.3732
0.5710
0.0019
0.0717
3.5504
0.0062
1.4140
0.7968
0.1269
0.5638
1.2572
4.2968
0.1487
1.3702
0.5912
4.3964
3.9549
0.7397
1.9739
1.0866
2.8198
4.5280
0.0874
0.7942
3.9909
0.1876
0.5729
1.8957
2.6041
1.1113
0.5369
0.3274
4.8627
0.9912
1.3396
1.5233
1.2838
7.8534
0.7938
0.7664
2.4567
0.2337
0.1071
3.1838
0.1157
3.7307
0.1284
1.6556
1.8772
0.2422
0.5899
1.4278
0.0071
0.6052
1.4021
0.2877
4.2202
