8.9231
0.0599
0.1473
2.7701
0.3478
1.8729
11.4977
2.4227
1.9492
0.5195
1.7472
0.0112
1.1804
1.6156
5.5275
1.6054
3.2099
0.2681
0.0000
1.1992
3.3526
4.3264
1.0507
0.6186
1.6246
0.3528
1.2585
4.9858
0.9644
1.6927
2.1423
2.9522
2.5571
2.3713
1.6525
0.5090
1.5279
1.3266
0.0000
1.5950
0.2244
1.3668
1.2446
2.6412
1.4241
2.8731
2.5663
2.9589
2.0790
0.0897
14.4040
0.0922
0.7160
1.6794
0.6140
7.3519
5.0026
1.3879
1.1980
1.6058
1.9950
0.4389
3.9343
0.7257
0.6917
0.7619
0.1686
1.6311
11.4650
0.6787
1.2953
0.9095
2.7521
0.3004
0.4543
0.6911
1.0454
4.2783
0.5429
1.1992
0.6474
2.1653
4.4040
0.4582
0.5167
4.4672
4.0158
0.4464
0.6654
0.7889
0.2523
0.3127
4.2907
1.3457
2.8878
0.8536
1.3364
0.6401
10.4504
0.2280
0.0000
1.0511
1.4608
0.2326
0.5262
0.7290
0.0135
5.0655
0.6816
0.4989
2.6154
0.1949
2.0609
1.5294
0.4314
1.5382
0.5008
0.5968
0.8122
0.1577
3.5982
2.7695
0.1268
0.0306
3.4745
2.8125
3.9435
0.6607
2.7704
0.6729
0.0778
1.9812
0.2109
1.2794
1.0928
0.2484
5.8028
1.9635
0.1056
1.9953
1.5950
2.1553
0.4864
2.3134
0.7316
0.0536
0.1318
0.4503
2.5599
6.1052
2.1319
1.8258
0.2816
0.2114
1.0703
1.0209
5.3861
4.3339
3.4725
0.2356
0.7722
2.1558
0.4268
0.1529
0.0024
0.6810
4.5922
0.0038
1.1328
0.5309
0.2968
1.5517
1.9011
0.3752
0.3993
3.9241
0.4245
0.3785
0.3484
0.5327
0.3100
0.8607
1.3771
1.7521
0.0319
0.8669
0.0001
0.2648
3.2411
1.2168
1.1101
1.2351
0.0802
0.6907
0.3358
0.1703
0.7301
3.3987
1.4574
1.6981
0.9388
4.5478
2.0800
0.0931
0.3453
0.2341
0.0819
0.7725
0.9970
0.6849
0.7241
0.2965
0.1787
1.0696
0.1794
0.5121
4.2097
0.6497
2.7398
1.9224
0.1196
3.0192
0.0036
0.5563
0.9400
0.1294
2.5118
2.3628
1.0200
0.2599
0.0478
1.5217
1.1391
2.8446
0.7578
0.6752
0.0358
2.0091
0.2391
2.2418
0.1803
0.6076
3.1051
0.8284
0.0998
0.9618
0.6251
0.4428
0.3916
1.5999
3.2828
2.6850
0.9551
0.4766
0.9586
2.0580
0.3732
5.1469
3.7291
1.4012
0.6836
2.6350
0.0000
0.8181
1.1975
0.4703
0.0917
0.0000
1.0316
1.0184
0.3566
0.0440
2.1910
5.0077
3.1446
1.0530
3.6933
0.5163
2.0446
1.8439
0.0142
6.4253
2.7874
1.2631
1.1419
0.0005
2.3993
0.0154
0.8260
5.1631
0.5211
0.8161
1.1489
1.4771
11.0958
3.8064
1.0166
0.2273
0.6156
5.1426
1.6225
0.8489
1.6654
0.2568
2.0444
0.1536
0.0039
0.5142
1.6265
1.8362
0.0833
2.5448
0.4946
1.0296
0.0528
1.1292
0.2109
0.0238
0.9637
1.5663
1.8493
0.0838
0.4722
0.7984
2.2651
3.1358
1.1302
0.6056
1.5218
3.4484
3.8100
0.9756
2.1940
0.7073
0.9101
0.5689
0.3706
0.9319
4.4293
4.5239
4.2127
0.7777
1.1022
1.5586
0.6686
1.6382
3.6679
0.5661
1.0112
0.3175
0.1785
0.5006
2.3349
0.6787
0.1373
2.4279
0.1267
2.0108
0.8969
3.6724
2.4099
0.1949
0.7781
0.1212
0.8828
0.6205
2.1813
2.7148
2.5813
0.1681
3.1558
3.1140
1.4917
3.9692
0.2580
3.0008
1.8902
1.3236
0.9024
1.7544
5.4667
0.9683
1.0379
0.0041
1.1385
5.7088
0.1658
1.3872
0.0120
0.3925
1.3345
0.0083
2.3438
0.7750
1.4091
0.0072
1.7517
2.3602
1.0693
0.5090
3.2275
0.6440
0.2601
3.0713
1.4941
0.1437
2.0134
1.8427
0.0217
1.5847
2.5548
2.2586
1.0812
0.0586
0.5462
1.3320
0.8246
0.9977
0.0193
0.1107
0.5569
1.4221
2.4732
2.3861
0.2953
1.7552
3.7977
0.2395
2.1045
0.0476
2.4688
3.6848
1.0681
0.8024
0.4714
0.2305
2.1138
1.6845
0.9806
0.0133
0.2585
0.2967
0.1215
0.0474
0.1355
1.9660
0.1785
2.6880
0.1786
1.0745
0.3440
0.0003
0.4399
3.9784
2.9003
1.2926
0.0793
0.8832
0.2353
3.6721
0.0723
3.0848
0.2609
0.2637
2.5468
0.7818
1.4663
1.7888
0.2975
0.9196
1.8485
0.4482
9.8208
4.0912
2.3899
0.3741
0.4064
0.1222
0.5726
0.7402
1.3835
0.0000
0.8531
1.2635
0.5107
0.4901
5.4900
0.1833
0.7828
0.4404
2.5959
3.3501
2.2524
1.3426
0.4078
0.3236
0.1329
0.4931
0.7506
1.0003
0.3784
0.4551
0.1178
1.0294
0.5010
0.9904
0.0392
1.2651
0.5563
1.2803
2.4131
0.2849
1.3781
1.6835
2.4413
0.8427
0.5883
6.3907
2.8269
3.1989
0.0840
0.2280
0.9373
0.9459
4.2069
0.3347
0.4648
0.8942
1.0019
9.2967
0.3849
0.9458
0.6717
0.0187
1.7859
0.4356
3.8361
0.5919
0.0000
0.9086
1.0159
0.0601
0.4212
2.7523
1.6373
0.6028
1.6547
0.3814
0.0388
5.3069
1.2624
1.4121
1.8625
2.8286
0.7674
1.5289
0.2999
1.3406
1.7572
1.3230
0.4377
0.4071
1.1640
1.5434
0.8360
1.1370
0.1135
1.0075
0.7594
0.0067
0.2650
0.8753
2.2439
3.0580
0.0027
0.1306
1.1095
1.1310
0.3824
0.5959
0.0036
5.0930
2.0426
1.1053
0.3636
1.9541
0.0116
0.4279
0.5023
0.0042
1.9221
0.7206
0.7593
0.8697
0.7945
2.6022
1.4540
0.8792
2.2074
1.6272
3.4098
0.3818
1.0570
0.0803
1.3284
1.3364
0.7085
1.6918
0.3310
0.0066
0.2808
2.2844
0.0641
1.4627
0.0024
0.7202
0.3703
6.0884
2.6564
2.4301
0.2680
1.3511
0.1414
0.0362
1.2781
0.2547
2.0290
0.0440
0.7010
3.7667
1.2899
0.8805
1.4909
0.5040
0.1232
2.7074
2.1448
0.4968
0.0887
0.4107
1.2887
2.5089
3.9460
2.8774
0.0000
0.4969
0.2277
0.9350
0.6899
0.7699
0.2655
0.1355
0.7245
3.2373
2.5694
3.9284
0.8125
2.6099
0.5250
0.0006
0.8754
1.1254
3.3622
3.5486
0.5154
0.9005
1.2744
1.8226
4.4063
2.2360
0.6397
1.3752
2.3086
0.6552
0.2229
1.5132
0.6617
3.4086
0.5159
1.6786
0.0818
0.9017
0.3361
0.8135
4.4260
3.0318
2.9610
0.0147
0.7190
0.3091
1.2512
1.1697
0.0846
0.7062
1.7361
0.8000
2.2935
1.6211
1.8120
1.4282
0.4859
3.3239
0.8433
1.8591
2.1053
3.0195
2.2316
0.3369
0.0219
0.1230
4.8698
0.2755
0.5639
0.7277
0.8191
2.9298
3.0849
1.0634
0.0495
0.3405
1.2561
0.1578
3.9327
1.4907
0.3764
0.3494
2.5122
0.6378
0.9360
0.4772
3.1267
0.1305
0.8083
1.3641
0.7866
0.1243
0.6416
0.7488
1.1404
0.6941
1.6285
0.6221
0.1933
2.2645
0.5918
1.0074
2.1823
0.3053
1.0121
0.2626
1.3139
0.2018
1.5659
1.0808
1.5123
1.8467
1.3209
1.4319
1.5763
1.1729
2.8376
1.0967
2.1386
0.8764
1.7246
0.7040
0.2274
0.3620
0.6314
1.9309
4.6012
1.4081
0.7516
2.4580
3.2595
8.5368
0.7151
0.6362
3.6830
0.2346
1.2553
0.7978
2.0587
1.3461
0.3151
3.3388
0.6003
0.4345
0.4444
0.0117
0.2196
2.6083
1.6448
2.8399
0.3005
0.0391
0.9413
1.3747
1.8123
3.4416
2.1477
0.0162
0.5171
0.1080
1.6787
0.3682
0.1166
0.6567
0.0362
0.9940
0.4564
0.2472
0.3246
4.6578
0.3258
0.2088
0.5287
4.2147
0.3055
1.6454
0.0373
1.9020
0.0907
3.6388
0.1499
1.6422
0.0149
1.3686
0.1489
1.1518
2.3911
1.4393
1.2843
1.7241
0.0473
1.1415
1.8028
2.3528
0.4263
0.3120
0.0466
0.1169
0.8220
1.8793
1.7915
2.5716
1.5741
1.3730
0.8200
2.1793
0.9739
0.3504
0.1148
0.7297
1.2389
0.7923
0.5711
0.1066
0.7434
0.3644
0.2534
1.2148
0.0592
0.5176
0.7737
5.5673
3.6776
0.3615
0.1154
1.8679
1.2095
3.0177
0.2897
0.9539
0.0194
0.5387
5.0853
1.3065
1.3547
0.0154
2.2748
0.5858
0.6122
1.1862
2.4091
2.9438
2.1793
1.4533
0.8278
0.0890
2.1968
0.8578
2.7531
1.0250
0.9795
1.2018
0.3419
0.5690
2.3116
0.0813
4.8388
0.4893
0.9520
0.3739
0.5294
6.1218
1.3632
0.7860
1.8787
0.4103
1.2657
1.6785
1.4190
2.0457
2.6305
1.0718
2.1162
1.1401
2.2551
1.7468
1.9153
0.3815
1.1342
0.8840
2.5680
0.8771
1.6399
1.4021
0.6820
2.4565
1.1295
1.0262
0.1822
0.0972
2.8163
0.1252
0.2487
2.2652
0.8303
0.0965
0.0400
0.0392
0.6999
0.1018
0.7572
2.8455
1.8899
0.7873
0.0555
1.3178
0.1769
0.4223
0.7986
0.7031
0.0061
2.1571
0.5721
0.3909
0.9431
1.3735
0.4734
0.8306
1.0853
4.7846
1.4969
1.5270
4.0238
1.5975
1.4208
0.5012
0.0003
1.8282
0.7182
5.9275
0.9663
0.1467
1.2039
0.5284
2.0601
0.1401
1.5780
0.2974
0.4812
1.1286
0.3835
2.3461
0.5568
1.5523
0.2179
0.0507
0.1683
0.0689
0.3431
0.4550
0.0773
1.2464
0.1651
0.8886
1.3679
0.0384
