4.9379
0.8526
0.4987
3.9856
3.8360
4.0572
5.5003
0.4951
2.3213
0.9513
1.3935
0.5624
2.0896
0.1258
1.6113
1.8735
0.1799
0.3745
0.0147
1.2340
0.0841
0.7536
2.1188
0.5625
1.7484
0.0580
1.4308
0.3702
0.0601
0.0593
1.2226
0.3584
0.4345
1.6934
0.0534
0.9483
1.1485
1.6721
0.2098
0.7336
0.1908
0.7694
0.3454
0.4476
0.2892
1.9561
0.6710
1.4636
0.6822
0.5557
0.0817
0.8576
0.6864
0.1594
0.0900
4.1141
0.2888
0.5953
0.0242
0.8699
0.7622
0.6215
0.6323
0.0311
1.1095
1.8784
0.5178
2.1679
0.0885
0.7824
0.8562
0.2016
1.8884
1.0792
0.3586
0.5951
0.4611
2.5470
0.3169
1.0761
0.0472
0.6606
0.9329
0.2923
0.5211
0.1072
1.2450
2.2046
0.6068
0.3632
0.0574
1.5378
0.7350
1.2059
0.0428
0.2688
0.4139
0.8423
3.1241
1.9248
0.9229
1.8002
1.0662
1.3247
1.8201
0.7919
0.7523
1.0058
1.4940
0.0475
1.4265
1.7861
3.0476
1.4959
0.9091
0.6575
0.8671
1.1812
0.6508
0.6617
0.0227
0.6800
1.7036
1.1525
0.0035
0.0382
1.2296
0.1145
0.6036
0.7155
0.5987
0.0207
1.9277
0.3136
1.4153
1.3467
0.9717
2.4609
0.4263
0.7930
1.1282
0.0010
1.2905
0.1733
0.2694
0.0954
0.0834
1.6408
1.2897
0.2962
0.1168
1.0578
0.2193
0.3766
0.2791
0.7919
1.4433
0.4136
0.0995
0.7890
0.8837
0.6407
0.5051
0.5588
0.8758
0.9403
1.9898
1.4499
1.1811
2.9545
0.1685
1.1173
0.3008
0.8003
1.0771
2.0707
0.4131
0.2204
0.4025
1.5870
0.0071
1.8873
3.5098
1.0538
0.0000
0.0048
1.3185
0.1271
0.3212
2.3336
0.9301
1.7350
0.5686
0.4983
0.0537
0.2319
0.4344
0.4732
0.3344
0.3104
3.3370
0.5621
2.6607
0.5900
0.1639
2.1409
2.6611
0.9629
0.3465
0.0859
0.9586
1.4256
0.4901
0.0760
0.5256
0.3768
0.9379
0.6414
0.3155
0.7349
0.6964
0.9409
0.4639
1.3067
1.1593
1.0542
2.7901
0.0911
1.9499
1.8152
1.2453
0.4227
1.1158
1.1837
0.0471
2.1279
0.3213
0.8820
0.7994
0.3208
0.0796
1.8696
1.3376
1.8160
0.3070
0.1518
0.0276
0.1160
0.4268
0.6289
0.1140
0.0858
1.9719
0.2945
0.1819
0.0983
0.0241
1.0538
3.1548
0.1773
3.3423
0.1656
1.2018
2.2384
0.2955
1.2754
0.8021
1.0608
0.1909
0.2102
0.7012
0.7204
0.1119
0.2117
1.6474
2.4353
0.1102
0.1509
0.1261
1.6115
0.0869
2.8605
1.2079
0.3657
0.4214
0.2400
0.6130
1.2261
0.3474
0.9189
0.2677
0.1626
0.0390
0.0530
2.2698
0.4149
0.5343
0.6329
0.5277
1.1544
0.6816
1.3080
0.4783
1.3188
2.3551
0.2800
2.5454
0.0685
2.3673
0.1842
0.3909
0.9204
0.7094
1.0486
0.7320
2.7338
0.7057
1.4231
0.1669
1.8523
0.4154
0.0558
0.7101
0.0830
1.2474
0.9456
0.0726
2.0573
0.4762
0.1340
0.9253
0.3809
0.2516
0.0001
0.6827
0.2669
0.4609
0.6343
0.3292
0.4327
0.1507
1.2441
1.0316
0.4790
0.1184
0.1233
0.5204
0.2998
2.1036
2.0497
0.1187
0.2245
0.1688
0.0007
1.2883
2.0086
1.0306
1.7789
0.1846
1.2572
1.6511
0.6253
1.1612
1.0022
1.7229
2.1635
0.2110
0.0000
0.0612
0.6680
0.7056
1.3880
0.4062
2.1162
0.1381
0.6884
1.6365
0.3085
1.6856
0.7292
0.5514
0.1220
0.0563
1.2058
0.3901
0.9092
0.5306
0.9245
0.5455
1.0509
0.2685
0.1199
0.5983
2.2656
1.6122
0.3340
0.5436
0.1834
0.2150
0.2659
2.6219
1.1121
0.1289
0.3849
0.7800
0.4255
0.8472
0.4490
3.0472
0.7657
0.9799
0.8930
1.0574
0.7854
0.1580
0.1924
0.5727
0.0043
1.6672
0.5947
0.6811
1.1922
1.1077
0.3444
2.5134
1.0315
0.2099
1.1202
0.5963
0.9156
0.1948
0.4793
1.7761
1.0689
0.5112
0.9297
0.1379
0.1894
0.0368
1.2427
0.2862
0.7704
0.0936
0.2639
2.8749
0.2346
0.2085
0.0530
0.2531
0.0883
0.2778
0.0495
0.2562
2.0793
0.0030
0.5778
2.1614
0.0002
0.1024
0.7444
2.1351
0.1973
0.0115
0.2126
0.4374
0.6438
0.1999
0.0293
1.7761
0.4936
0.7879
0.1627
0.1390
0.3104
0.6913
0.0296
0.3376
2.3461
0.2967
1.0966
0.7702
0.9122
2.3010
0.9033
0.6872
0.9794
1.9274
0.9560
2.2736
1.2673
0.3278
0.1028
0.1965
0.0047
0.9282
1.2182
0.3585
0.2725
0.5776
0.3184
0.1676
0.4655
0.8173
1.1398
0.2262
1.0443
0.5535
0.1583
0.8310
0.5261
0.1134
0.1106
0.0648
0.0597
0.3877
1.3787
0.2551
0.0725
0.0306
0.6578
0.4998
1.3008
0.0117
0.6995
1.5999
1.0701
0.8983
0.2026
0.5279
0.2300
0.5053
0.2589
1.1633
1.7934
0.0663
0.1980
0.0000
0.2126
1.5337
0.0263
0.1272
0.2796
0.0275
1.6454
0.3443
0.1830
0.0459
0.1056
0.8755
0.0398
0.6384
0.1423
0.9408
0.4860
0.1640
0.2951
0.7366
0.2316
0.5796
0.7902
0.8948
1.1048
0.6014
0.9830
0.2861
1.8454
0.0613
0.0137
0.2442
0.8659
0.0000
0.1996
2.5827
0.0408
0.3221
3.5379
0.0792
0.0243
0.0404
0.3129
0.5994
1.3900
0.4120
0.0739
0.7941
0.1812
0.7803
0.1360
0.1347
1.3736
1.0189
0.0459
0.4503
0.3759
0.0816
0.0910
0.4545
0.0365
2.3588
0.3084
0.2747
0.4131
0.7691
0.1065
1.2887
1.5728
0.2484
0.0668
0.2408
0.0000
1.1816
0.0312
0.3263
0.4969
0.5104
0.2099
1.6192
0.8748
1.0487
0.3075
0.0797
0.4848
1.8380
1.8849
0.4358
0.0367
1.1003
0.2129
1.0734
0.5680
0.0253
2.5730
0.0104
0.1683
1.2654
0.6320
0.9578
0.8398
1.0068
0.6521
0.1723
0.0250
0.3670
1.0559
0.5946
0.0692
0.9532
0.6640
1.1310
0.4398
0.0086
0.2113
0.0078
0.5777
0.3939
2.7823
1.0762
1.3111
2.0847
0.7069
0.4585
0.4620
1.0255
0.1228
1.4200
0.2787
0.9639
0.7261
1.0394
0.6563
0.0704
0.9720
0.2885
2.1423
0.4174
1.6366
1.2702
0.2920
1.5957
0.7680
1.4288
0.8293
0.3482
1.8894
0.4341
0.6958
0.0016
0.8258
0.2077
0.2312
0.5567
0.1309
0.3006
0.3144
0.6025
0.0596
0.0652
0.1515
0.8340
0.0835
0.0011
0.2273
0.4291
0.5998
0.0433
0.9343
0.4266
0.1731
0.8072
0.0931
0.0527
0.3580
2.4532
0.0143
0.1844
2.9401
0.4382
0.2773
0.4031
0.6737
0.1819
0.9495
0.7653
0.7798
0.5108
0.9302
0.4187
0.2907
1.3347
1.4581
0.0379
2.7405
0.2566
0.0832
0.3888
0.3562
0.2552
1.3237
0.6817
2.2682
0.8567
0.1957
0.3675
0.0318
1.0573
4.0263
0.4324
0.1061
1.1587
1.1356
2.0945
0.7348
0.3674
0.7879
0.5821
1.3006
1.0228
0.0834
0.8737
0.5089
0.0053
0.2755
0.0506
0.3544
1.5458
0.1666
0.2841
0.3057
0.2454
0.0242
0.9743
0.0345
0.0045
0.5552
0.0310
0.3250
1.1110
0.5738
0.4075
1.2162
0.8195
0.6321
0.2028
0.2446
0.9147
0.5750
0.0448
1.5608
0.0117
0.0448
0.4837
0.0533
1.8850
0.9899
0.8740
0.1007
0.0364
0.2111
0.0555
0.7275
0.6581
0.7293
0.0616
0.9309
0.4426
0.3577
1.7088
0.5304
0.4415
0.3465
0.3039
0.5399
0.5032
0.0183
0.9824
2.3000
1.1484
1.7571
2.5592
0.2641
0.4997
0.1874
0.1860
0.3367
1.8527
0.0541
0.0947
1.5860
1.0487
1.2438
0.6064
0.3124
1.5714
0.1442
1.0276
1.4068
2.4789
0.0040
0.8562
0.3508
0.2695
1.1783
0.0677
0.6410
1.1397
0.2541
1.0371
1.8532
0.5003
0.3772
2.4149
0.1524
2.5501
0.0775
0.3000
1.3270
0.3217
0.3493
0.3230
0.1176
0.8195
0.3740
1.1018
1.0970
1.7260
0.4291
0.0078
0.7099
0.6648
1.6306
0.2923
1.6733
1.0324
0.1103
1.9546
0.0067
1.8492
0.0000
0.1360
0.2920
0.0502
0.9766
0.3216
0.6883
0.1204
0.9822
0.8223
0.5226
0.0443
1.4387
0.0180
0.2413
1.0748
0.4522
2.5306
0.6649
0.6683
0.4494
0.0831
0.2660
0.7598
1.1601
0.3686
0.4912
0.7874
0.2657
3.4199
0.3844
0.6687
0.2965
0.1742
2.3956
0.4593
3.3460
0.6462
0.1305
0.2554
0.2468
0.6562
0.3292
0.1622
0.6804
0.0667
2.1848
0.7013
5.1617
0.0739
0.0747
0.1269
0.2748
0.9213
0.6601
0.2398
0.5575
0.0663
1.0644
0.5458
1.3606
0.9949
2.0132
0.3413
0.0041
0.1784
0.1708
0.6438
1.3595
0.6153
0.2025
1.3405
0.5977
0.2542
0.2780
0.0116
0.6563
1.5703
0.5675
0.2849
0.8820
0.4547
0.3670
0.7692
0.6220
0.6618
0.6451
0.0000
1.2770
0.5050
0.0367
0.4675
0.0863
0.0711
0.1910
0.1114
0.5015
1.0570
0.0026
0.0374
0.5871
0.4430
0.7397
0.5837
0.7898
1.3157
0.4170
0.3191
0.3122
0.0944
0.5386
0.9160
1.1861
0.4634
1.2149
0.4493
0.1073
1.6456
0.7251
0.0612
0.3600
0.3782
0.5233
