10.7617
10.6542
4.7519
0.0836
0.2126
0.7325
0.1954
0.7667
4.1242
1.5587
1.2214
1.9424
2.8478
0.2582
1.2909
0.1872
0.3137
0.9417
0.3064
1.8710
2.8621
6.2322
2.2784
1.1634
1.0276
4.8545
1.2268
0.5332
3.8343
1.1700
0.2458
2.5811
1.9967
0.6751
2.2396
1.9699
1.6532
2.3551
1.1163
0.8320
2.9995
0.0730
0.7516
0.7993
4.6904
0.3349
0.6844
10.7903
0.0019
0.9699
5.2244
0.7130
0.9784
3.2130
3.4612
3.2808
0.0538
0.3278
0.1032
1.7863
1.9796
2.3308
3.0075
2.2941
0.1286
0.5508
0.2972
3.9186
0.4827
0.0013
1.8045
1.7331
0.9065
1.4276
0.9750
1.2998
1.2120
1.1898
1.3923
0.4481
3.6127
0.3537
1.9291
0.9671
5.3937
0.0707
0.9026
1.9226
2.1198
0.4818
1.5241
1.2127
2.4917
0.3146
1.0726
0.8894
1.3479
0.1893
0.1245
0.1787
1.5149
3.9248
0.1874
2.5997
2.1513
2.2989
0.3278
0.9901
0.1563
4.6275
1.1924
0.1728
0.5931
2.8379
2.7370
0.4700
2.6116
1.7011
0.4539
0.3071
0.3717
5.6245
0.2033
0.3345
0.0260
1.4016
1.2890
0.8605
0.5272
0.3139
0.1169
1.3020
1.2948
1.8801
2.0055
0.5338
1.1228
1.8767
4.7691
2.2704
1.0559
2.9993
0.6926
1.9772
2.0851
1.5894
1.6808
1.5711
0.0088
0.3582
3.8845
2.2460
0.4852
1.0600
2.4282
1.2311
0.1570
0.2363
1.6410
1.1777
0.6789
0.3037
2.1382
0.0001
0.4347
2.0419
6.7197
1.4050
0.7344
2.3683
0.1021
1.2299
0.7756
0.8084
0.5425
2.2608
2.5136
2.5215
4.1185
1.9072
1.1702
0.2570
1.3501
0.1221
0.0340
3.2303
0.2920
1.2128
5.2807
4.4464
1.3219
0.5297
0.1871
0.4220
0.1193
7.7998
1.7934
0.6668
0.6105
1.4126
6.8454
4.6851
1.3426
1.4090
5.3949
0.3538
1.8944
1.1728
0.8774
0.1962
0.8548
0.9291
0.0483
1.2806
0.8019
2.3712
0.0100
0.3826
0.3182
1.3304
3.2608
0.0960
2.1505
0.2253
1.8918
0.1046
1.1088
3.5893
4.4340
1.1427
0.2570
1.4297
1.9300
2.1194
0.0607
2.8104
1.5346
0.9915
3.6461
1.1988
1.3664
1.6813
2.2520
0.5053
1.9742
0.1304
0.0292
0.6409
1.2734
0.0353
2.1387
8.3257
0.9313
1.4195
0.4564
0.5817
0.2610
0.3932
0.0975
1.4342
0.1548
0.2656
1.2805
2.4942
3.2135
1.6310
1.0720
0.0729
0.7231
1.5740
0.5655
1.9811
2.3011
3.0796
1.3758
0.0601
1.6521
0.0001
0.9020
0.7091
0.7764
0.1451
0.3105
0.1855
1.7105
0.7170
3.1010
1.2746
0.0387
0.6339
0.5382
5.2197
0.1744
1.9348
0.7644
0.8567
1.8546
1.3242
0.2684
1.0772
0.6994
3.4543
0.4858
2.4193
2.1967
4.1724
1.4179
3.3652
0.0282
0.6474
1.1393
1.3927
0.4849
2.3328
3.4007
2.0643
0.2159
0.2898
0.1167
4.1414
0.5444
0.4443
0.6921
1.1799
1.9029
0.0805
2.8805
1.2943
4.1084
1.8338
0.1153
1.0286
2.2932
0.1523
0.4918
1.8610
2.5182
1.6533
0.0927
0.8669
0.8819
0.7470
0.7795
4.8339
0.3417
1.0691
0.3429
0.2440
2.2105
3.8353
3.2005
2.9331
0.5595
0.3105
2.3538
0.1168
0.9026
1.7998
2.5607
6.2758
0.1361
1.5080
3.8174
2.9326
0.0000
0.0014
0.4616
1.5428
2.3319
1.6157
0.2343
0.8395
7.0394
0.2667
0.9480
0.5256
3.8227
0.3886
1.2470
0.0897
0.0643
1.4564
5.3681
0.2742
3.2023
3.2559
6.6041
0.2562
1.3597
1.3691
0.4695
1.3648
5.1461
0.3502
0.7077
8.7670
0.6297
1.3016
0.6117
0.0098
0.6762
1.0722
0.5055
0.9322
0.0178
0.6318
0.3401
0.7017
0.4685
4.2866
2.6168
0.0820
0.0021
1.4333
2.4696
0.9304
0.8818
1.5616
0.1047
1.9863
0.3634
1.0052
0.1342
0.1348
2.7434
0.4505
0.1262
1.7158
8.5006
1.5483
4.3589
0.1183
5.4802
0.0929
1.4605
0.7510
1.2508
0.1207
1.4036
0.0683
1.4520
1.3895
5.8581
2.2175
1.1269
3.8761
1.3578
1.4437
0.2566
1.5068
0.8488
2.7891
0.7028
0.1872
0.6348
0.9790
4.5805
0.3748
3.2136
0.2259
0.2840
1.3028
0.5522
0.0686
1.5877
2.2227
3.1738
0.9842
1.4899
1.6668
0.0931
1.6655
0.3466
1.3484
3.7127
2.5597
0.2561
0.0009
2.0886
2.2382
0.3772
0.0000
0.6547
0.9775
0.0229
0.1552
0.2528
1.3356
1.9200
0.2671
1.6280
0.1158
1.5245
0.7092
0.4159
0.0921
0.8951
0.8432
4.0328
0.9114
0.0706
12.2214
3.1580
0.0003
0.3666
1.3126
0.3548
0.9146
1.0416
2.3252
0.1658
0.6675
0.1457
0.3009
3.3247
1.3712
0.6125
2.1837
0.6424
0.4507
4.7652
1.2354
0.6265
1.7067
1.8669
0.9921
0.9342
0.9939
1.1281
1.0144
5.6428
5.7882
1.0119
0.4580
7.9268
0.2418
2.1521
0.1889
0.0460
0.3160
1.3490
2.7835
2.3089
0.1565
0.7839
0.4236
1.4672
1.2532
4.7843
5.1930
0.0583
0.1547
5.8050
8.2156
4.5479
5.1268
1.8914
2.5865
0.8235
1.8641
0.9072
1.3981
0.4509
1.6287
0.7724
0.6402
0.7957
1.4103
5.3371
0.0448
0.4035
1.4872
6.9624
0.0638
0.9988
1.7941
0.4549
1.9445
2.9224
0.2191
0.0441
0.9701
2.7279
5.2118
1.1423
5.3937
2.8007
2.0483
1.4172
1.1788
0.0993
0.5809
3.5205
0.3239
0.6971
0.5500
2.9238
0.0811
0.3435
0.3182
7.2510
0.1501
5.2989
1.0513
2.7880
0.4798
1.8849
0.0164
1.2978
1.9708
1.6167
2.8607
1.0470
0.1416
0.9342
0.6018
7.4950
0.1919
1.3133
0.0793
0.2646
2.6071
2.6508
1.3382
2.8866
1.6655
2.3373
0.5367
1.6611
0.6908
0.5272
0.0850
0.0044
0.8621
2.7991
1.4487
0.9297
0.5650
0.0682
0.3165
2.8025
0.1734
0.5210
0.7503
5.4813
2.0589
1.9925
0.3771
0.2015
1.7781
1.8504
8.8601
1.1855
0.3976
2.5925
0.0207
0.2382
0.0859
1.4198
1.6453
0.1475
6.0773
2.5503
0.5979
4.8008
0.4856
0.7365
0.8210
0.2439
0.3756
1.3667
0.0369
1.1014
1.0883
3.0944
0.5018
0.6126
1.9990
0.5214
0.3832
0.3912
1.3416
1.0983
4.2159
1.3088
1.7240
0.4285
6.2275
1.0708
4.3460
7.3751
0.7344
3.6581
1.1636
3.0945
0.6097
8.1516
0.5191
1.1822
3.3925
0.7810
1.0238
1.5170
0.8555
1.1000
1.2331
6.4326
2.1716
1.6850
5.3229
0.1699
0.5983
1.2716
2.2966
0.4144
1.2552
0.2553
2.1930
0.5047
0.0917
0.7979
0.4089
4.5788
0.7541
2.2319
1.4872
5.4385
1.4005
0.1265
0.3317
2.8037
2.7155
1.3120
0.1085
1.1335
1.3451
0.2865
0.0342
0.1376
1.4619
1.6241
0.5425
0.0373
2.5392
2.9994
2.4241
0.2629
0.3925
0.8740
1.8004
0.4797
0.3512
0.2600
0.1516
5.3641
0.8457
2.7421
0.3909
0.8851
1.6959
1.6990
1.1858
2.0814
0.3041
0.5578
0.0646
0.7296
0.3462
5.7102
0.0229
3.1392
1.2876
0.0966
1.7424
0.3912
1.9560
0.0773
0.2734
3.8733
2.6506
0.2628
0.5662
1.2397
0.6546
1.0900
0.9459
3.4006
1.2842
0.2914
0.7388
0.9950
0.3980
1.4002
0.8237
0.0358
0.3684
0.4057
1.0627
0.1109
2.3643
4.7061
0.5839
1.1258
0.1224
0.6855
5.1814
0.9221
0.0185
0.0301
0.0756
6.3006
0.1946
1.8044
0.0263
1.3505
3.5057
2.0291
2.0893
0.1494
1.6794
0.1098
1.3761
1.1607
4.0383
0.0243
2.6099
0.1759
0.0541
1.4351
3.3208
2.0710
2.5367
4.1515
2.0557
1.3720
0.1682
1.6407
3.3579
0.2994
0.6213
2.4779
0.5923
3.4176
0.2429
2.6780
6.5063
0.6183
0.3812
1.5148
0.0001
2.3794
2.6433
2.0640
0.0631
0.3483
2.3721
0.8616
0.0971
0.6741
5.2034
3.9784
0.8728
1.4077
5.6636
0.2354
8.2984
1.3931
2.0934
0.1462
0.1392
0.3484
0.5678
0.2448
0.9800
1.9526
1.3829
0.3804
8.7225
0.0727
1.5551
5.0530
4.2754
1.5791
3.0989
0.0050
0.5904
1.4823
1.6489
7.2480
0.8105
0.9827
2.6388
1.3247
0.2299
0.1816
0.1991
0.5790
0.4144
1.7932
0.0341
2.6196
2.2657
0.0438
0.2847
0.5470
3.5367
0.9033
5.9640
0.2019
3.3665
0.4714
5.5672
0.9595
1.1580
1.6240
1.4768
0.1351
0.6153
0.2596
1.7188
2.9474
5.9128
0.7691
4.2886
2.7965
0.0062
0.3446
1.8439
0.1215
0.1243
0.0256
0.6547
1.0428
0.6061
1.2805
3.2813
4.1981
0.5380
2.7908
0.1570
0.5781
5.8673
0.0758
0.0000
1.5336
2.5707
2.1608
2.5358
1.8418
0.2180
2.3153
1.1328
0.1151
0.7302
1.9475
1.0556
0.2925
1.1474
2.1837
4.0811
0.1879
0.3686
2.5522
3.0702
0.0242
4.9759
0.9269
3.3476
0.1021
1.0327
2.1217
0.5266
0.3275
0.2046
0.0093
3.0226
0.2331
1.0916
5.2223
0.9406
0.4323
4.8046
0.3225
0.5179
2.2427
2.2142
1.1885
1.3149
0.8256
0.6497
2.9312
1.1357
2.8129
9.0823
0.2134
0.0038
3.1977
1.9230
1.2501
0.1186
