2.5912
0.5600
4.1818
0.6190
2.0311
0.2507
0.1646
4.3453
4.1039
7.0902
0.8545
0.1088
0.8192
1.4391
0.6568
0.2826
0.4388
0.8748
0.5521
2.6649
1.0177
0.0000
0.1796
0.0000
0.7431
1.1940
0.1765
0.2092
0.2292
0.3448
0.0152
0.7325
0.8111
0.8804
0.2981
0.2584
0.7430
0.2740
0.0674
1.2801
0.5361
0.9343
0.6174
0.4735
1.0430
0.1368
0.1575
0.0586
0.3241
1.5255
1.1091
0.2676
0.0501
0.0000
0.0000
0.0113
0.1085
0.1833
0.4607
0.4535
0.2956
0.3097
0.3402
0.4567
0.0202
0.4336
0.0492
0.1806
0.3471
0.1285
0.2832
1.1767
1.3881
1.0912
0.8509
1.6689
0.2672
0.9270
0.2832
1.1194
0.5835
0.1245
0.0161
1.4482
0.6637
2.7987
1.2213
0.0108
0.0110
2.3187
0.3071
0.0500
0.7669
0.0009
1.7211
0.4413
0.3259
0.4525
0.0698
0.0092
0.4542
0.3971
0.2095
0.0754
0.0230
0.3223
0.0413
0.6338
0.5790
0.0006
0.2203
0.4141
0.2651
0.4018
0.2858
0.0992
0.5988
2.3562
1.4963
0.4339
0.1386
0.2952
0.2279
1.5800
0.5156
0.2078
0.0203
0.3657
0.0561
2.2705
0.1814
0.0768
0.1892
0.3502
0.6297
0.7683
1.7422
1.5531
0.1683
0.0610
0.7251
0.3990
0.3551
0.0830
0.0776
0.4494
0.4050
0.8892
0.4788
0.6156
1.1715
0.0214
0.4588
0.2744
1.1632
0.0520
0.0102
0.5199
0.9344
0.4315
1.6894
0.3524
1.4627
1.1312
0.4632
0.6155
1.0305
0.1686
0.0860
0.1154
0.3529
0.2397
0.7545
0.9252
0.1401
0.1293
0.1601
1.2719
0.2612
1.1057
0.0001
0.1888
0.5453
0.3148
0.4209
1.1669
0.0177
1.0607
0.4703
0.7839
1.1018
0.9445
0.2205
0.5029
1.5154
0.5506
0.2482
1.0586
0.4194
0.8380
0.3711
0.2205
0.5169
0.1796
1.3076
0.4203
3.2613
0.0137
0.0010
1.1669
1.4317
0.4529
1.5789
0.3362
0.0157
0.7016
0.3514
0.5057
0.2626
0.1615
0.1798
0.2127
0.5166
0.3312
1.0711
0.1497
0.0142
2.2498
0.0510
0.0114
0.3489
1.2944
0.2889
0.1334
0.3533
2.3466
0.8478
0.1979
0.0402
0.0021
0.3065
1.0346
0.3439
0.2732
0.3165
1.2329
0.2114
0.3850
0.1501
0.7014
0.6555
0.7755
0.7693
2.1281
0.4459
0.0639
0.9052
0.0300
0.9455
0.1379
0.1269
0.0850
0.6999
0.3176
0.0853
0.7563
1.4828
0.0376
0.6120
0.2716
1.6027
1.0348
0.6221
0.2598
0.9060
0.3292
0.5194
0.0920
1.2597
0.0012
1.8037
1.4770
0.2666
0.4903
0.2159
0.4987
0.1404
0.1248
0.2909
0.2521
0.7067
1.8215
0.6880
0.0536
1.6863
0.3330
1.2210
0.6503
0.8364
0.4756
1.1813
0.1524
0.0175
0.7969
0.5779
0.4968
0.1713
0.1448
1.1026
0.3803
0.3015
0.2364
0.0468
1.4169
0.5391
0.1645
0.0105
0.8043
0.0659
0.6260
1.3147
0.5845
0.2126
0.7400
0.1365
0.2011
0.8167
0.0200
0.0747
0.0194
0.0572
0.2635
0.0420
0.6160
0.7464
1.1176
0.5298
0.1608
0.2354
0.3252
0.0384
0.8583
0.7054
0.1865
0.7757
0.4958
0.5863
0.0207
0.0545
0.0129
0.0063
0.0226
0.2004
0.1907
0.0122
1.0187
0.0380
0.1748
1.0891
0.1349
0.5989
2.6050
0.5245
0.2156
0.5802
0.1813
0.0452
0.1355
0.0478
0.5635
0.5689
0.9122
0.3703
0.0213
0.0466
0.6622
0.2783
0.0809
0.5853
0.0001
0.4737
0.0486
0.2596
1.1315
0.3814
0.3658
0.9319
0.8637
2.4428
1.6656
0.3455
0.1036
0.4044
1.0617
0.1351
0.5253
0.9084
0.5290
0.2864
0.9451
0.2366
0.5691
0.2365
0.9226
0.6557
2.2179
1.7298
0.8872
0.7448
0.4943
0.2443
0.4919
0.5503
0.0558
0.6495
0.0860
0.1384
0.2926
0.3729
1.6709
0.6131
0.1007
0.0406
0.0067
1.0687
0.1543
1.7417
0.7718
0.1038
0.3884
0.3371
0.1372
0.9939
1.3125
0.2468
0.4476
0.3225
0.4146
0.0709
0.3866
0.2209
0.0816
0.6527
2.4487
0.0774
1.1170
0.1122
1.3974
0.0794
0.5679
1.9271
0.3439
0.8724
0.2878
0.0340
0.2407
1.5281
0.2481
0.3350
0.2945
0.2695
0.5736
0.4277
1.4853
0.2412
0.5562
0.6250
0.3164
0.9456
0.0301
0.6684
0.2057
0.0004
0.1091
2.2255
1.1562
0.1401
1.4269
0.1023
0.9035
0.5011
0.2248
0.3421
0.4910
0.0028
0.9729
0.6958
0.4129
0.7819
0.2361
0.0813
0.0752
0.5510
0.4380
0.4837
0.4565
0.1874
0.4996
0.4177
0.8274
0.5500
2.5027
0.3875
0.1807
0.6325
0.2368
0.2817
0.1999
0.7649
1.5946
0.7972
0.0186
0.2072
1.2648
0.0000
0.4603
0.0172
0.0392
0.3625
0.5658
2.4218
0.7302
0.0191
0.9606
0.7332
0.0000
0.2998
0.6508
0.0813
0.1827
0.3830
0.2150
0.5072
0.1440
0.3131
0.7388
2.7735
0.1660
0.7578
0.0158
0.2661
0.5939
0.0749
1.8916
1.3414
0.2097
0.0000
0.4051
0.9933
0.1137
0.2180
1.0925
0.1578
1.9947
0.8405
0.4072
0.4150
0.5290
0.2751
0.3725
0.0638
0.1541
0.0234
0.0282
1.0163
1.0073
0.2782
1.1682
0.6331
1.4811
0.2981
0.1193
0.8474
0.0718
0.1823
1.0059
0.7109
0.1937
0.5476
0.5530
0.2105
0.5177
0.6027
1.0098
0.3449
0.2105
0.3690
0.1661
0.5742
1.1081
0.0112
0.0441
0.8911
1.2619
0.4487
0.2074
0.3860
0.5010
0.0766
0.0098
0.8426
0.3161
0.1864
0.7297
1.2054
0.7146
0.2151
0.4652
0.1150
0.0299
0.2387
0.3091
0.2753
0.2015
1.1835
0.0068
0.0042
1.0523
0.4027
0.4956
0.0232
0.2332
0.2238
0.6308
0.3363
0.6401
0.3914
0.5843
0.1572
0.1923
0.0446
0.2002
0.3565
0.1666
0.3401
0.3214
0.4781
0.4098
0.6055
0.0279
0.1878
0.3377
0.6751
0.0756
1.0837
0.6920
0.0083
0.1125
0.1979
0.6063
0.4028
0.0378
0.0912
0.0124
0.5491
0.2749
0.6273
0.3733
0.2548
0.4625
1.7299
0.0254
1.0878
0.1065
1.0885
0.1552
0.1690
0.2110
0.2917
1.2443
0.0025
1.6253
0.4151
0.4182
1.1327
0.0821
0.2279
0.0950
0.4103
0.0000
0.5237
0.1455
0.1475
0.0478
0.5609
0.5082
0.2384
0.1214
0.0778
0.8770
0.1501
1.1111
0.2620
0.2736
1.2862
0.0644
0.3573
0.3280
0.2339
0.3285
0.4564
0.0146
1.6685
0.3097
0.0268
1.1235
0.0511
0.2461
0.0041
0.4523
0.0176
0.1063
1.9934
0.0190
0.1146
0.0586
0.1015
0.0031
0.3127
0.3605
0.0642
0.1353
0.5428
0.0684
0.0123
0.7785
0.0693
0.6774
0.1100
0.2653
0.0719
0.3232
0.1031
0.2667
0.3043
0.6394
0.9072
2.0525
0.2735
0.0000
0.2141
0.9043
0.3531
0.1270
0.0410
0.8172
0.2768
0.6294
0.1352
0.0077
0.0149
0.2735
0.1651
0.8202
0.1003
1.0423
0.0397
0.1407
0.1022
0.2877
0.1701
0.4798
0.0104
0.0748
0.0688
0.4788
0.1626
0.0549
0.4308
0.1872
0.7315
0.2010
0.0836
0.0133
1.4379
0.4726
0.5684
0.0494
0.2385
0.2388
0.1200
0.0779
0.9404
0.1921
0.0150
0.6902
0.1383
0.3515
0.0267
0.5216
0.8019
0.1644
0.2997
0.6223
1.4609
0.3200
0.0710
0.2268
0.4638
1.8920
0.0206
0.6198
0.1240
0.1534
0.0832
0.2748
0.2112
1.7947
0.1300
0.8670
0.6535
0.4988
0.1683
0.3699
0.0422
0.2589
0.3313
0.2023
1.5829
0.4646
0.0362
0.1262
0.2235
0.0257
0.6609
0.0132
0.4208
0.0469
0.4497
0.0146
0.0306
0.1459
1.3454
0.4226
0.5513
1.2141
0.0285
0.3036
0.3723
0.2916
0.0018
0.6725
0.1593
0.0000
0.1853
0.2575
0.0262
0.3941
0.0874
0.0647
0.2316
0.1004
0.3741
1.1261
1.0420
0.5744
0.2498
0.9215
0.5810
0.0213
0.0975
0.1611
0.2178
0.3983
0.8291
0.5030
0.4881
0.6484
0.1609
1.7411
0.1328
0.4251
0.1327
0.9023
0.9537
0.0357
0.0352
0.0596
0.0462
0.3356
0.2084
0.4578
0.2577
0.4948
0.0219
0.1113
0.1995
0.2485
0.0778
0.3307
0.2824
0.0132
0.2250
0.0768
0.1324
0.2775
0.3992
0.0083
0.5124
0.2095
1.2703
0.7566
0.9159
0.5041
0.0504
0.3524
0.4050
0.9726
0.0059
0.4303
0.0232
0.4969
0.0011
0.0201
0.1883
0.2703
0.1736
0.7506
0.3388
0.1753
1.0509
0.6021
0.1220
0.4179
0.0084
0.2164
0.1926
0.0084
0.0334
0.5778
0.1196
0.1795
0.7396
2.1472
0.1390
0.8140
0.0184
0.1107
0.0151
0.0861
0.0407
0.2935
1.1712
0.2301
0.6409
0.3436
0.1438
1.2801
0.0121
0.0371
0.4531
0.4091
0.1899
0.0347
0.0023
0.7781
0.4140
0.4993
0.5860
0.3925
0.1246
0.1405
0.6426
0.2072
0.1794
0.3045
1.3170
0.7355
0.0040
0.0626
0.6283
0.0832
0.0868
0.0173
0.2606
0.4110
0.0314
0.0793
0.3840
0.0718
0.0113
0.0000
0.2781
0.5541
0.0511
0.3323
0.6550
0.0685
0.5838
0.5486
0.1801
0.5825
0.0075
0.0480
0.0403
0.4031
0.0000
0.0436
0.0810
0.0003
