0.9797
1.9638
5.1633
2.0890
4.9599
1.6572
0.5390
2.3314
1.8771
2.7829
1.6874
2.7944
0.0212
0.0000
3.4932
0.5065
0.4526
1.1038
6.6338
0.4248
8.9022
0.9529
0.5789
6.3780
2.2570
1.5621
2.5803
0.4623
2.6834
0.8599
0.8362
1.0961
8.9000
3.3870
0.3267
2.1105
0.8088
1.8622
1.4848
1.1476
0.0960
0.3077
0.3066
1.2538
4.6299
2.7723
1.7285
2.0640
1.5657
0.2326
1.1513
3.5563
1.8063
0.2996
0.3029
2.4326
1.1054
0.0839
0.1642
3.6829
1.3052
3.6764
3.7162
1.1354
2.7522
0.1695
3.5498
8.1984
2.0765
2.2616
0.6004
0.4794
3.6071
2.5146
1.1565
0.6429
0.5449
2.7957
1.0145
1.3313
0.3127
1.8489
0.3227
0.7326
0.0404
2.0837
5.8046
1.0908
0.0184
1.0801
2.1022
0.4371
2.0591
0.5001
1.5436
0.8047
1.3148
0.8550
4.0783
0.9301
0.4026
0.0153
0.4860
0.0408
0.6306
2.4138
0.9018
0.8852
1.1831
1.1068
0.4574
0.7415
0.1595
0.9398
0.5279
0.1679
1.6625
0.1755
1.2386
1.6929
1.2511
3.0977
0.6802
0.9291
5.3143
0.4111
0.6833
0.1425
1.2044
1.2558
0.0038
2.3140
1.0757
0.3844
0.3620
3.4468
0.0281
4.2573
8.7809
0.0000
1.7186
0.7388
0.9924
0.9615
0.7177
0.7802
0.3844
3.5893
0.4164
0.0025
1.9830
2.0819
0.0945
0.6795
1.5285
1.8576
0.3279
0.8683
2.2961
0.0002
1.1848
0.6373
0.0758
3.0695
1.6457
1.2018
5.7619
0.1818
0.4977
1.5296
0.1946
0.6366
1.3062
2.7163
2.6107
3.0591
1.3460
4.6619
0.7614
1.2910
1.6903
1.7793
1.6310
1.0178
1.4334
1.3029
1.9008
1.4101
0.1434
3.9046
0.1178
1.9347
0.3022
1.7393
0.2120
0.5712
3.4547
2.5510
2.8925
3.7699
1.3645
0.4634
1.7223
0.4101
0.3354
2.2658
4.2240
0.2717
0.6910
0.2133
1.1394
0.9070
0.2739
2.0672
2.3966
3.5037
0.9922
1.0217
0.0660
2.1284
0.6902
0.1337
5.3601
2.3184
1.6543
1.3715
4.7391
1.6008
1.4496
0.3993
4.7462
0.1123
1.2575
0.0032
0.9136
1.1309
0.0024
6.8145
0.8588
0.5208
0.6607
0.3957
0.6885
4.7379
1.0196
0.1686
3.1144
0.1277
0.1013
1.6594
0.8596
0.3999
1.5059
0.6379
2.7359
1.0700
1.1464
1.1612
2.4464
0.1049
1.6998
1.9635
0.7825
2.4609
0.2909
2.0346
2.7847
3.9949
1.7038
2.1323
2.4165
0.0517
0.7291
0.8114
4.6976
2.2210
0.8658
7.6893
0.4840
0.9226
0.1306
0.3311
0.5958
3.1586
3.8232
1.0895
1.0643
0.3674
0.2135
1.0622
1.0669
0.8230
0.6377
0.7579
1.1998
5.8448
1.3906
0.3736
0.3310
0.1238
1.2466
0.7455
2.0914
0.7270
0.8953
0.9264
0.3227
2.8268
3.3793
0.5192
2.2118
0.3042
3.7217
0.4963
0.8690
0.8375
1.1950
0.1967
2.6160
0.0874
2.8433
0.6339
0.1595
0.3490
0.7685
0.1249
0.2138
1.9470
0.9095
0.4800
2.2755
0.1014
2.8470
0.7899
0.9958
1.4444
1.0927
0.6610
3.5846
1.8466
0.0808
2.0755
3.9066
0.3531
0.8096
2.2110
0.4708
0.5044
1.3635
0.2326
2.1127
0.1970
4.6111
0.6232
0.6289
6.3888
0.0286
1.5930
2.7104
5.8999
0.1121
1.6587
1.1542
0.8193
0.7761
0.4095
0.1392
1.2296
1.5030
1.0575
1.0126
0.2511
0.2446
2.1828
0.5895
3.0974
4.5901
5.0983
2.5004
0.2581
0.6321
0.1524
0.6151
1.9975
0.7710
0.0588
3.3514
0.0746
0.1000
3.0597
2.7415
0.2478
2.5207
0.4480
1.1632
0.6437
0.6057
2.1842
0.0403
1.1073
1.0940
2.1274
2.0571
3.3756
5.5671
1.2538
0.9089
1.7397
4.6780
0.3465
0.0863
0.0002
0.7108
0.0002
0.1492
3.1419
0.0000
2.9551
1.3535
0.2989
4.8785
2.0331
0.0159
0.4805
5.1336
0.8586
5.0175
0.0568
0.6935
4.2643
1.5806
0.8552
0.7913
0.2410
4.2221
2.6243
0.5892
0.0754
0.4885
2.2285
2.0153
0.0213
0.6081
0.1890
6.9883
0.7019
1.2171
1.5625
0.5493
1.4412
2.3805
0.7356
1.0254
1.7391
1.6508
0.1012
2.3210
2.5158
0.2608
0.4509
1.4967
1.2569
0.2478
2.7269
5.6059
2.5218
1.8296
0.3756
0.7448
2.2520
1.6365
1.2085
1.4960
1.9514
0.4035
1.8713
0.0114
1.9855
2.6054
0.1648
3.3761
1.2596
1.2314
1.4958
0.9665
5.5071
2.3885
0.6227
2.2312
0.0006
2.5363
2.2286
0.2201
0.7482
1.6756
0.1823
1.6228
1.0120
0.0415
0.6135
0.0000
0.4728
1.3325
1.1277
0.6751
0.7513
1.1413
0.2994
0.2685
3.1144
0.5300
0.5091
0.0000
3.3419
1.2093
6.1164
0.9669
0.7598
3.2296
2.1421
1.1121
1.0784
0.6147
0.4547
2.0524
4.3747
0.1921
2.0005
0.0603
0.3325
1.0775
5.7335
0.1030
1.5009
0.1855
2.9633
0.0869
6.6049
1.0546
0.5272
1.5053
2.7926
1.1679
0.9621
3.9217
0.1836
0.3574
2.6394
0.1923
0.3843
0.2677
1.6021
1.0187
0.8727
1.7014
1.5907
5.7546
0.2031
0.6782
1.3565
2.1736
0.0364
5.0422
3.8329
3.1703
0.8244
1.1328
1.8007
0.7609
0.3384
1.3592
1.7581
0.0001
0.5125
1.3811
0.1161
1.4187
2.1525
0.2335
1.8931
0.2341
0.4662
1.5371
1.7972
1.2621
1.4975
0.2349
0.6054
0.4702
5.1869
1.3231
0.6131
0.2162
0.6651
0.5686
0.2936
1.8867
3.6929
2.2639
0.9950
1.2280
2.5868
1.6404
0.1074
2.3182
2.1514
0.1223
1.8355
0.0010
1.4358
0.0782
0.8428
0.8062
1.5361
1.6018
0.5015
2.7289
5.7350
0.0249
1.5625
0.5899
1.6798
2.0921
1.3414
2.4950
0.5778
0.3684
1.4536
2.8252
4.2986
0.4344
0.7710
0.6188
0.8304
0.1021
0.0528
0.4276
0.1488
1.0392
0.4664
3.4291
0.3078
1.0007
3.1594
0.2023
1.9607
0.1819
2.8282
0.2585
0.0161
2.2929
3.5423
2.0637
0.3300
0.6069
0.5951
0.0009
1.8604
0.4398
0.6637
0.6474
1.7126
0.0402
1.8755
2.5727
0.0178
0.1810
0.3309
0.8471
1.5437
0.6663
0.8068
1.3985
0.2835
0.7686
0.5341
1.2102
1.9224
1.9231
0.0003
1.5924
0.1074
1.4461
0.5802
2.7694
2.1279
1.3503
3.1308
0.8906
1.1005
0.0817
1.8042
0.5755
1.9889
0.7543
1.9676
0.4443
5.4207
3.7153
0.3505
0.9973
0.5537
0.3484
0.0867
3.4225
0.8645
0.3525
0.0896
0.0344
1.0322
0.2251
2.9494
1.1355
1.1149
2.3811
2.3523
0.5726
0.4269
3.4006
0.2718
0.9162
0.0570
2.0166
0.8816
0.0880
0.4649
0.2957
0.2846
2.8843
0.3260
3.3722
1.5374
1.9011
0.9402
2.1378
2.0554
0.5150
0.2145
0.3103
0.6422
0.4663
1.6245
0.0314
0.9233
0.0957
0.0838
0.0549
0.2392
0.0575
0.7435
0.1309
2.9230
0.7211
5.4918
1.2457
1.9436
0.7103
0.3783
0.1851
0.0845
0.9153
0.9520
0.6121
0.6561
1.6240
1.9505
0.0976
0.9386
1.6375
0.9279
1.1575
0.2276
3.1008
0.2915
0.7013
2.1956
2.1881
4.9726
1.7873
0.1736
2.0382
0.2850
3.0761
0.3607
2.1841
1.2786
0.5240
0.1783
0.3815
0.2478
0.6770
2.3069
1.9054
0.0694
1.8544
1.6191
1.9472
1.3094
1.3050
0.1807
1.5179
3.7938
0.5713
0.6932
0.0399
0.1924
0.8560
1.2597
1.1782
5.0650
1.6253
0.1042
0.8477
1.0469
0.5500
1.1838
0.7272
0.4244
5.1930
0.9555
0.1049
0.1620
0.1735
1.0795
1.1650
0.7528
0.4288
0.1356
3.8360
0.0829
0.3950
0.3357
1.2720
0.6329
0.6981
5.5349
3.7460
0.8083
0.9612
1.6107
0.4985
5.1738
0.5005
1.8428
0.7940
1.4957
2.2295
3.1363
4.9752
0.5156
0.8388
0.1304
1.5349
0.3117
1.9991
0.6542
1.8726
1.0343
2.8774
4.3244
1.5694
0.0350
1.8982
0.1899
0.0217
3.4715
2.5044
0.9092
1.0800
0.7755
1.8165
2.8017
0.5310
0.0512
0.1363
1.9814
3.3454
1.3029
5.6311
1.4552
0.0389
2.2675
0.1865
1.9620
0.3315
0.3922
3.3138
2.3915
1.2114
0.1255
3.0452
1.0543
2.1665
0.0199
2.5305
1.1787
0.1696
0.2309
0.5135
0.6266
1.6006
0.3494
5.5527
0.9113
1.6932
1.5522
1.2379
2.7378
2.6296
3.0425
0.3070
0.6520
0.6481
0.2417
0.4536
0.1017
0.1044
0.8274
1.5464
0.2997
10.0162
0.8474
2.9477
1.4915
1.6109
2.1116
1.3587
0.0000
2.7528
0.0730
2.1610
0.4297
2.6354
0.1882
1.3959
1.4519
0.0000
0.5185
0.6961
1.4799
0.8361
0.7830
0.9447
0.6264
0.4899
1.5749
1.6760
0.2481
2.8864
0.3207
3.5295
0.3183
0.0822
6.4395
1.6623
0.0618
0.0917
0.2011
0.1827
0.2768
0.0831
0.2140
0.7120
2.5979
2.1452
2.8933
0.0829
0.0017
1.9985
0.1874
1.1577
1.8419
0.0017
0.7470
0.0823
1.1634
0.6237
0.0087
0.9584
1.2501
0.1659
3.5833
0.4341
7.9188
2.1491
0.4579
0.4299
2.6952
0.1630
1.3574
3.0970
0.9794
6.9418
1.3856
0.0982
1.1087
0.6245
0.0642
0.0335
0.9136
