1.1511
0.3450
4.2236
2.5711
0.0013
1.9647
1.3753
2.8371
0.3750
0.1445
1.1268
0.6180
0.5405
1.6004
0.9597
0.0732
3.4284
0.3375
0.2804
0.0982
0.7063
0.2878
1.1837
0.0716
0.9870
0.9478
0.3905
0.1301
0.8096
1.0643
2.3127
0.9702
2.1705
0.0130
2.0820
3.6594
0.5755
1.4413
0.1713
0.1326
0.8661
1.7495
0.5888
0.1015
0.3365
0.2019
0.1880
0.0004
0.0068
2.3546
3.7164
0.1256
0.8765
2.0312
0.4193
0.0011
0.3059
0.0991
0.3522
0.8745
0.3214
2.8786
0.2135
0.8325
0.1397
1.1943
0.7194
1.1979
3.8650
0.3502
0.9242
0.2773
0.8531
0.6266
0.7405
0.3439
1.5684
0.4247
0.2017
0.0476
0.9041
1.1939
0.8472
0.4059
1.5145
0.7227
0.4695
0.4741
2.0114
0.1923
0.8095
0.2172
0.1603
0.8164
1.1081
1.2990
0.4820
0.2920
1.7643
2.6373
1.6147
1.2239
1.9045
0.5482
0.6687
0.3753
0.0829
1.7645
0.3429
0.0081
1.3839
0.0613
0.6555
0.1178
1.3867
3.7494
0.0118
0.7615
0.0550
0.9200
1.5406
0.5554
1.3933
1.5817
0.0000
0.1694
0.3692
0.9608
1.0113
0.0373
0.0622
0.3143
0.2623
0.2580
0.2176
0.2361
2.1058
0.2461
0.7306
1.4314
0.6536
1.0010
0.1989
3.2751
0.2719
0.2336
0.3576
0.6122
1.2646
0.4135
0.0861
2.3185
0.0000
0.6053
1.5173
0.2875
0.7880
1.4357
0.2063
0.9114
0.5102
1.5926
0.8971
0.3929
0.9196
2.1766
0.2473
0.2532
0.2141
0.2915
0.4680
1.3018
1.1513
0.2733
0.4109
1.8778
0.9200
0.9586
0.3591
0.1143
0.8783
0.7533
1.1424
0.1003
0.1619
2.0361
0.3114
1.0787
1.1892
1.0013
0.5733
0.1453
0.1240
1.9898
0.1756
0.3004
0.2744
0.2699
0.1312
0.0000
0.0011
0.4669
1.0978
1.3525
0.4900
0.4142
0.1981
0.4231
0.9323
0.9312
0.2406
0.4628
0.3662
0.6897
0.7622
1.8084
0.1988
0.7039
0.0088
1.4486
1.0674
1.7172
0.6830
0.9551
0.4573
0.0444
0.3722
0.0409
0.3318
0.4499
0.7045
0.4971
0.1419
1.2996
0.1076
0.9874
1.3848
0.3505
2.6011
0.2683
0.3349
0.6078
0.6263
1.1394
2.2308
1.1720
0.4388
0.2671
0.4133
0.8327
0.0881
0.0479
0.7939
0.0882
0.9941
1.2697
0.0683
1.1137
0.6344
0.1560
3.0119
1.1862
0.2035
0.2140
0.4238
0.9826
1.2615
2.0262
0.9014
1.0203
0.4288
0.2073
0.4238
0.1217
0.1952
0.7958
0.7874
0.5620
0.1198
0.1464
1.2807
0.7428
0.8488
1.5683
0.5286
5.5157
0.1993
1.1483
1.2900
0.5282
0.3007
0.0046
1.2024
2.0123
0.3637
0.0000
0.3810
0.0882
0.4122
2.4853
0.3681
0.5379
0.5735
1.1732
0.0034
0.4765
1.0921
0.4137
0.2343
0.2693
0.6263
0.0798
0.1136
0.1967
1.3594
0.2295
0.2965
0.2104
0.0843
2.4375
0.6761
0.8645
0.1392
0.9730
0.8231
0.2025
2.3640
1.8607
0.2603
0.9314
0.0770
0.8959
0.0854
1.3857
0.9726
0.1588
0.3949
0.2687
0.1113
1.2235
1.5412
0.0707
1.0693
0.0003
0.5002
0.2382
0.6832
0.2601
0.0318
0.0516
0.1661
0.8376
0.6219
0.0188
0.0306
0.3584
1.1656
1.8508
1.1291
1.1055
0.3548
0.4782
0.0000
0.0957
0.3194
0.9181
0.4122
0.0063
0.2143
1.5200
2.2696
1.9317
4.9036
0.2765
2.1283
0.8196
0.1929
0.3088
0.0542
0.4696
1.5313
0.6515
0.6262
0.0693
0.5484
0.0309
0.0272
0.5812
1.2609
1.0385
0.3749
1.1724
0.0010
0.3635
0.7228
0.2347
0.0029
0.1460
0.3978
0.0240
2.3386
0.5388
0.6021
0.0000
0.3257
1.0422
0.5000
2.8184
0.3812
0.3119
0.2595
0.4917
1.3364
0.0001
0.3000
1.1994
0.0389
0.0626
0.3078
0.1546
0.4370
0.0454
0.5072
2.1334
0.2100
1.0141
0.2226
0.3442
1.1777
0.7328
0.3714
0.8990
0.9323
0.0186
0.6151
0.4589
1.9499
0.1911
0.0571
0.8728
0.2098
0.6626
2.3701
0.5361
0.3009
1.8908
0.3118
0.1726
0.4263
0.1340
1.1310
0.1990
0.0617
1.5901
0.0660
0.8079
0.3434
1.4825
0.4737
1.0999
0.3769
2.1523
1.5373
0.1406
0.8463
0.2284
0.2495
1.2637
0.1720
0.1799
0.3234
0.2473
0.3977
1.9496
0.1837
0.1705
1.0651
0.3205
1.8761
0.5321
1.1494
0.7485
0.5823
2.5794
1.2030
0.3334
1.0594
0.9405
0.2594
0.2542
0.3402
0.9631
2.2891
0.2751
0.8570
0.9473
0.1224
0.0230
0.2775
0.4401
0.7589
0.1790
0.0000
2.5550
0.1515
1.0024
0.3854
0.6641
0.0267
0.1161
0.8444
0.9859
0.8224
0.6733
0.7328
0.6270
0.2208
1.5427
1.7042
0.7137
0.1095
2.4064
0.9605
0.6002
0.0951
0.0355
0.7017
1.3168
0.0000
0.6527
0.2281
0.8600
1.0123
0.2868
2.3179
1.0307
0.0423
0.0309
0.0008
0.2305
0.5811
0.2261
1.8039
1.2967
0.6870
0.0042
0.3466
0.0157
1.1971
0.3097
0.8638
1.8253
1.1185
0.3188
0.4468
0.2581
0.0159
0.1295
0.4672
0.8390
0.3269
0.0501
2.2003
0.4985
0.2527
0.6300
0.0656
0.3002
0.1665
0.8398
0.1322
1.0130
0.0150
0.8762
0.9804
0.9268
0.7927
0.8067
0.0637
0.9058
0.1412
0.6941
0.6562
1.4426
0.0869
0.5886
0.3087
0.3221
0.0661
0.0633
2.0449
2.3076
1.3605
0.7200
2.3528
1.4297
0.3607
1.6625
1.3060
0.6298
1.4021
0.6894
3.9095
0.1342
0.0897
0.7769
0.0893
0.5934
0.1882
0.2521
1.4494
1.5172
3.1222
1.4846
0.2559
0.5609
0.4455
0.0318
1.5443
0.8606
2.5868
0.1505
1.6068
0.0997
0.0689
0.0239
0.8767
0.1719
0.1402
0.9962
0.4092
1.0384
2.8744
1.9334
0.3134
0.2584
1.2534
2.6451
2.4045
0.6659
0.0561
0.1030
0.6936
0.4784
0.4242
1.5008
0.3362
1.1311
1.8038
0.0448
0.2884
0.8050
0.2461
1.0142
0.0233
0.0536
3.4169
0.0056
0.0482
0.0084
0.0036
0.3061
1.9404
0.0095
0.2897
0.2769
0.0159
0.0187
0.4072
0.2618
0.8843
0.3000
0.0111
0.7356
0.3610
0.3137
0.2604
3.5095
0.6662
0.1747
0.0278
1.2125
0.2484
0.1383
0.2621
0.5233
1.8084
0.5518
0.6295
2.3567
0.5543
0.0309
1.1864
0.1954
0.2501
0.0982
1.1251
0.8471
0.4348
3.4915
1.6916
0.4339
1.8918
0.3161
1.0873
0.0880
0.0008
0.2513
0.1540
0.0386
0.3019
0.5376
0.3057
0.2518
0.6028
0.4081
0.0392
1.0155
0.0172
1.9162
0.2750
0.0351
0.1484
0.0307
0.2789
0.3640
1.4414
0.3208
0.0501
0.5083
0.2387
0.5024
0.0813
0.5324
1.5128
0.5525
0.1651
0.0748
4.4896
0.0583
0.1046
0.0052
0.9473
1.7029
0.2589
0.4887
0.9279
0.5734
0.4507
0.4227
0.5669
1.0287
1.2556
0.6675
0.2248
1.1681
1.6035
0.2989
0.3241
0.4658
0.7128
0.8659
0.8457
0.5838
0.6440
0.2404
0.3789
0.1479
0.0702
0.5720
0.0304
0.4351
0.0955
0.7512
0.1030
0.4927
0.0128
0.0462
0.1162
0.0642
0.7995
1.7431
0.5206
0.0273
0.0000
0.3003
0.1604
0.0505
0.0913
0.1747
0.3924
0.2024
0.7211
1.3288
0.6944
0.0059
0.6045
0.0139
0.0949
0.7291
1.0121
0.1226
1.1522
0.7265
0.5231
2.2377
0.8673
0.5806
0.3132
0.0650
0.3812
1.3566
0.6197
0.8055
0.5590
0.2929
2.2939
0.1480
0.3382
0.1801
0.0862
0.2036
0.8367
0.2023
0.5334
0.1484
0.9594
1.2586
0.0000
0.1581
0.5005
1.5970
0.8668
0.3185
0.2243
1.8039
0.2651
0.3831
0.4946
2.1757
1.8537
0.0310
0.4124
0.4756
1.8189
2.9129
0.2262
2.1706
0.4634
2.2744
0.0301
0.5735
1.9112
0.1832
1.5961
0.2740
1.1061
0.1515
1.7625
0.0622
0.7735
0.0590
0.4022
0.3272
0.0061
0.1885
1.3901
0.0089
0.1870
1.0499
0.2342
1.8551
3.6025
0.0000
0.2745
0.5151
1.4547
0.1595
4.3651
0.5254
0.2965
0.1960
0.5621
1.7879
1.3858
2.8813
0.0390
2.0002
0.1518
0.6223
0.9351
0.2115
2.0665
0.1056
0.4585
0.4987
0.7344
0.5106
1.7459
0.4595
0.1099
0.5134
0.0466
1.1808
0.2375
0.1073
0.2230
2.0777
1.5447
0.0581
0.0138
1.4359
0.4659
0.6244
0.1228
0.7399
0.0940
0.4675
0.4139
0.3993
0.2805
0.9792
0.5829
0.8508
0.1053
0.8706
0.4353
0.0937
0.4482
0.0054
1.1441
0.6152
0.3818
2.1342
0.1350
0.3294
0.3206
0.9619
1.9251
0.6148
1.2502
0.1236
1.1090
0.6936
0.8387
0.3096
0.0908
1.0115
0.5209
0.0453
0.2046
0.1128
2.7092
0.7823
1.7614
0.3800
1.3837
0.1961
1.1863
0.3975
0.0130
0.1710
1.0751
0.1171
0.3026
0.9878
0.3925
0.5991
0.0735
0.1156
0.2771
0.2422
1.8913
0.6538
0.8815
1.0005
0.1360
1.4991
0.3885
0.4066
2.6283
0.6994
0.7854
0.8223
0.4645
0.6421
0.1149
0.1966
0.0484
0.2127
0.0901
0.1925
1.1025
0.0068
1.2898
0.6368
0.0407
0.4150
2.7042
1.0406
