0.0561
0.1940
0.0368
6.1757
0.1396
7.1885
3.7128
0.9962
1.6633
5.0319
0.0001
7.9233
0.3706
0.1783
0.5783
2.2332
2.4031
1.0001
7.6211
1.8904
0.9561
1.2865
1.2235
1.3531
0.1471
0.1390
0.7421
3.0298
0.3245
2.2148
1.3038
2.9943
0.1895
0.2990
0.4392
1.6938
0.7417
0.3460
1.7179
0.5872
0.5984
1.2574
0.3267
2.4488
2.8364
0.5665
1.5999
0.8667
0.0628
0.1680
0.5001
0.5028
1.7720
0.4554
0.3989
0.6767
0.7476
0.3560
1.9186
0.3418
1.6979
1.7351
0.0051
1.3423
0.7074
2.0231
2.3637
5.9250
0.6060
1.4966
0.3060
0.2546
0.3604
0.3402
3.8837
1.3958
0.8304
1.8950
0.3845
0.3303
0.8416
0.1939
1.3071
1.6863
1.7447
0.8684
1.1460
0.0077
0.4867
0.3806
3.6359
0.6855
0.8643
0.6643
0.8417
0.0000
0.0000
0.0000
2.0300
0.2496
0.3358
0.1149
1.4041
1.6243
0.2377
1.8909
2.8594
0.2943
1.0570
1.8493
3.9191
0.7559
0.7323
0.6316
0.0003
0.3351
0.0218
2.8686
1.4434
0.2098
0.0890
0.3660
2.2687
0.0132
0.9825
0.4204
1.0489
0.4135
1.2149
1.3551
2.1920
1.5356
1.7620
0.0053
0.3029
1.3880
2.2713
1.6519
1.4939
0.7765
0.0000
0.3926
0.6438
2.4307
0.0101
0.4286
0.0477
0.1244
2.3558
2.9459
0.3947
0.0718
0.6135
0.6102
0.1202
0.4425
2.1631
0.4795
0.9593
1.1450
0.1085
0.4143
0.8795
0.2196
0.2795
1.2275
2.2299
1.8898
0.0000
0.5437
0.0037
1.0392
1.5304
0.2579
0.3180
4.4386
0.2296
0.5325
0.4148
0.0521
2.5400
1.2393
1.1209
0.0065
3.2153
1.3194
0.0902
1.7468
0.4181
0.0655
0.8840
1.9839
0.2932
0.6434
0.9984
4.8893
0.5767
1.1075
0.5047
1.1120
0.6982
0.9242
0.6329
0.5023
0.0071
1.1019
0.0188
2.2270
0.0930
3.0627
0.1940
0.7086
0.2711
0.5076
3.6575
0.2048
0.0342
0.0728
2.7888
0.1481
1.8428
1.0998
0.5072
1.1717
2.5431
0.0095
0.3896
1.1734
2.6373
1.4083
1.2658
0.2223
1.2439
0.2761
0.1542
0.1628
0.3899
0.5230
1.5806
2.2877
1.5970
1.0825
0.3707
2.0177
0.0106
0.6272
1.3953
0.0188
0.5583
2.1908
0.8202
0.1559
0.0792
0.2217
1.2407
1.4721
0.0316
1.6604
0.0363
0.6540
0.3007
2.4276
0.0434
2.6014
0.1290
0.9653
1.7781
1.5979
0.0035
3.8130
0.5283
0.3136
0.4486
0.1565
1.6866
1.5120
3.4067
2.3055
0.4841
0.9435
1.5539
0.0647
0.3686
0.2511
0.9755
2.9669
0.0340
1.0816
0.7817
1.3902
0.4567
1.6692
1.7209
1.2456
3.1380
0.2732
1.1441
1.1236
0.2793
2.9996
0.7096
2.7281
2.4107
0.0831
0.9043
0.2270
0.8663
0.0695
0.5578
0.0000
0.0213
0.3683
0.1740
0.0373
0.0725
0.2818
1.3084
0.9195
1.0406
3.3070
0.9750
0.4211
1.1915
0.6133
0.9091
0.5565
1.0802
1.2101
1.5648
0.5947
1.6380
0.5217
2.2711
2.4029
1.4517
0.1654
0.0486
1.5579
0.3625
0.3645
1.3987
2.5018
0.1948
0.5956
0.1520
0.2916
0.8721
0.2551
0.5841
1.5582
0.3565
0.5591
0.3434
0.0654
0.3092
0.4466
0.0071
0.2520
0.0836
2.0702
3.1553
0.9094
0.6494
2.1567
0.2571
1.1238
0.2128
0.6764
0.3465
4.4143
0.0958
0.6989
0.0838
0.1619
1.3866
3.9144
1.6755
1.5965
1.7358
0.6100
1.0925
0.2921
4.7760
0.6804
0.7632
4.5175
0.0423
0.3203
0.0158
0.2587
1.5327
0.7382
1.3963
0.4969
0.1398
0.0568
0.4066
2.4697
1.8796
0.3466
1.7783
2.4251
0.0340
0.1669
0.9678
4.3404
6.2149
0.6948
0.7645
1.0584
1.5128
2.3456
0.2847
3.3378
0.2515
0.4456
1.2351
1.3371
2.7261
1.2138
0.2440
3.4351
0.0682
0.7709
0.1239
3.9129
0.9312
0.6088
1.1517
0.1091
0.3537
0.0918
2.5535
3.7086
0.5648
0.3896
1.1393
1.2636
0.0501
1.2057
0.0024
1.1148
1.3208
1.5122
0.3778
0.1874
1.3562
0.1715
1.8605
0.9803
0.3760
3.4765
1.0274
0.9562
0.2140
1.6622
0.8123
0.8482
0.1642
3.9398
0.7772
1.1474
0.1973
0.4980
0.2085
2.6962
0.1219
0.5809
0.2959
2.2508
0.2333
0.4318
2.2757
0.4586
1.2321
1.8765
1.6833
0.3369
0.6871
1.3462
0.6097
1.7123
0.5208
0.2198
0.7814
1.7021
1.4345
0.6388
0.9345
3.5011
0.6578
0.8108
0.1975
1.0132
0.3053
2.2454
0.7798
2.0119
1.0040
2.2695
0.6471
0.1732
0.0088
1.5298
0.6310
1.2222
0.2281
1.3704
0.3235
1.0667
0.6658
1.6645
0.4646
0.2203
1.0444
2.8407
1.9635
1.3215
1.9864
0.6598
1.0480
1.2099
2.1739
0.7162
0.0631
0.6374
0.4236
0.1734
0.2506
0.1623
0.7601
0.2372
1.1005
1.8172
0.2113
0.0959
0.7626
0.3193
0.3480
2.9772
1.2288
0.6015
0.6152
2.4292
0.5257
0.1855
2.8655
0.7890
0.8605
0.3943
0.1563
1.1838
0.0931
1.2126
0.1594
2.2404
0.9447
0.0461
0.9679
2.8496
1.4935
1.0946
0.4112
0.1815
0.0000
0.9943
0.5494
0.0599
0.9952
0.1337
0.5895
2.9151
1.5146
0.8317
0.3543
0.0300
1.8911
0.6760
0.5241
1.1064
1.8672
1.4890
0.5981
0.3817
0.6494
1.0228
1.0326
1.5813
0.9179
0.1494
0.4205
0.2375
0.4784
1.2711
0.3080
0.1641
0.0376
1.1278
1.1713
0.3669
0.7647
2.0435
1.5266
0.1193
0.8344
0.0293
1.7242
1.6824
1.1061
0.4593
1.7778
3.3207
0.5117
0.8015
0.2612
0.2735
0.8758
0.1153
0.7024
0.4062
0.5885
2.1850
1.0496
0.7609
1.0944
2.0820
1.0222
5.8082
0.2345
1.1011
2.3136
0.3693
0.2143
0.5557
1.5089
1.7730
2.6380
0.9454
0.4104
0.5877
1.7548
0.5170
0.0092
5.0585
2.9199
0.6944
0.5737
0.0000
1.1282
3.2441
0.0000
1.8453
0.3707
0.3808
1.3529
3.7334
0.2510
0.1530
3.2033
1.0377
0.3510
1.5977
5.2969
0.0609
0.9287
0.2646
2.5943
1.4272
1.6974
0.5444
0.7391
0.7072
0.2943
0.3247
1.6416
0.0990
0.3117
1.4137
1.3022
0.4261
0.6152
0.0489
2.2444
1.8980
0.7304
0.2295
0.0806
0.3715
0.1398
0.1478
0.6691
0.9209
1.8454
0.6684
0.2369
2.0816
0.5077
1.3104
0.3953
1.8847
2.7504
0.1648
0.0586
0.5957
1.5144
2.3565
5.5954
0.4073
1.8483
1.1731
0.6827
1.4977
0.0913
2.5157
0.6650
3.9617
0.8565
0.8673
0.1570
0.9908
0.4444
0.9206
0.4659
0.4130
5.8345
0.2437
0.2570
0.0977
0.2048
0.9430
0.1009
1.6104
2.1083
0.3789
0.4446
0.7146
0.3589
0.2559
0.6911
1.0530
0.4185
0.5427
2.1221
1.9608
0.7023
0.0145
0.4021
3.4854
0.7753
2.4285
0.0777
0.7425
0.8118
3.4191
0.5867
0.0640
0.9078
0.1123
0.4166
0.1692
1.0312
3.0665
1.7577
0.5783
0.5933
0.1941
1.4198
0.0000
0.2971
0.3703
0.1692
1.4990
1.4157
1.3111
0.3664
0.0285
0.6891
1.5464
0.4035
0.3946
1.6378
0.9869
0.5932
0.3009
0.3740
0.5328
0.9035
3.3864
1.6126
1.5181
2.9623
0.9957
0.2075
0.0653
0.3063
0.3069
0.0070
0.1984
2.9115
0.3722
0.0159
1.3819
0.2781
1.0448
0.3944
1.1620
0.4820
1.4951
1.2229
0.3442
2.1754
0.4681
1.0654
1.8527
0.3875
0.6751
0.0104
0.4370
0.0217
0.4308
0.4861
3.1467
4.1259
1.4152
0.2580
1.1341
0.0116
1.0887
0.4757
2.9366
0.6602
2.5949
0.9895
0.4618
0.0239
1.4687
0.6696
1.3789
2.2913
0.2546
1.1207
0.3482
1.6183
0.9332
0.4850
0.1937
0.8898
1.0466
0.6062
0.2306
0.5969
3.4955
1.0604
0.4597
0.9473
0.5056
0.0914
1.3706
0.6411
1.6165
1.6940
1.4604
0.3469
0.2758
1.1351
5.4592
0.5615
1.0081
0.5178
1.1267
1.6333
0.0000
2.3212
7.0963
2.6042
1.1169
0.2535
2.4649
0.0131
0.1060
1.4059
0.4963
0.2324
1.8108
1.7908
0.5199
2.5716
0.9716
2.5314
0.0424
0.3542
2.0198
0.1406
0.7892
0.3782
0.0607
0.3495
2.0547
2.1709
2.8344
0.1008
0.3493
3.3389
0.2343
0.6108
0.0507
0.9542
1.0192
0.3098
4.1251
1.7679
4.2001
0.8055
1.7555
0.6313
1.2786
3.3256
2.3159
1.0645
0.5894
0.4752
0.0949
1.5571
1.0001
1.1424
3.0897
1.8619
0.0039
1.2563
0.6793
0.3895
1.1431
0.7624
0.1012
0.0000
0.2258
2.7106
0.1799
0.0009
0.9712
1.1891
1.2902
0.1833
0.2196
3.6404
0.5628
0.1868
1.9315
0.8486
0.1721
0.4540
0.3271
0.3078
0.3529
1.9917
0.4512
0.0968
2.0449
1.6697
0.9407
1.8363
0.1227
0.4580
1.5467
0.8613
0.4930
1.2634
0.7548
5.1660
0.0132
1.3743
1.0055
1.8242
0.2585
1.4597
0.3078
0.6806
0.4006
0.1158
1.9961
0.4202
1.2893
1.5691
1.4299
1.4381
0.0282
0.5952
0.8620
2.1521
1.1844
2.9961
0.4906
0.8610
1.4075
1.2398
2.5843
0.5385
1.3361
2.6843
0.0193
