0.3029
0.1309
0.1680
1.5124
1.6645
0.0485
1.5969
0.0827
0.5459
0.3949
0.0739
2.6461
0.1290
1.0569
0.1966
1.0819
0.2142
1.2778
1.0097
0.2150
1.4606
1.9809
1.9212
1.3507
6.8389
3.4567
2.9388
1.7691
0.3090
0.2880
1.2816
2.3987
3.9030
0.0279
1.1426
0.3667
6.6902
1.3033
0.1735
0.8235
0.3186
0.2742
0.6421
0.4715
1.3579
0.2754
0.1408
0.5613
0.0622
0.1260
1.1004
0.7173
0.3503
2.3297
1.6320
0.1747
0.3184
0.3409
1.7644
0.7485
0.8712
1.6320
1.0380
2.7600
0.3196
1.1679
0.7007
0.0454
2.6500
5.3423
1.0001
0.7853
0.8830
0.9429
2.2885
0.2450
0.1315
0.6071
0.5460
0.1094
0.5812
1.7560
0.2372
0.8315
0.2880
0.5502
0.0086
1.3092
0.4238
1.3782
4.5366
1.1185
0.2810
0.0733
0.8458
0.9739
3.4658
0.6373
1.5665
0.8322
0.0315
1.2250
0.4267
0.1330
1.2730
0.3128
1.0615
0.0994
1.1462
0.0849
2.0350
0.0048
1.7118
0.3373
0.3754
0.1816
0.1505
0.5980
0.1270
0.5689
0.7533
0.6650
0.6328
1.5256
4.4859
0.1249
0.0437
2.5253
0.6227
0.9897
0.3983
0.2341
0.2656
1.1415
0.1429
0.2675
0.2835
1.2682
0.2320
3.1762
3.7362
0.8670
0.0711
3.0951
0.2205
2.2211
0.8146
0.4622
0.1161
0.7788
0.4433
4.0493
0.4938
0.8885
1.4921
0.0714
0.0727
0.4215
1.9367
0.6875
1.7682
0.4463
1.1977
1.7379
0.8732
0.0590
0.7408
1.6308
0.7962
2.7957
3.6182
1.8008
2.3133
0.5947
0.0041
3.4396
0.9900
1.5670
3.2277
1.4068
2.1394
0.8054
0.6782
0.1538
1.6727
0.5388
1.3129
3.1475
0.9910
0.8516
0.7815
0.4604
1.3929
0.9116
1.1732
2.2320
1.3382
4.7642
0.3587
0.5853
0.1227
1.5486
0.7117
1.3583
0.3500
2.1729
1.9604
0.9949
0.9473
1.3829
0.0335
0.1697
0.0384
0.0993
0.4912
0.6859
0.0217
1.6305
1.5553
1.0492
2.3835
1.1702
0.8885
2.9130
8.9348
0.0273
0.1372
1.5803
3.2107
0.7008
1.4868
0.4484
0.3348
1.2596
1.5876
1.3724
0.2700
2.9264
1.6179
3.0778
1.5412
2.2252
1.4530
0.6624
1.5174
1.4882
0.0053
0.0550
5.9133
1.3272
1.1495
2.0737
1.4127
2.5019
0.9530
1.9587
0.3620
1.4318
2.3189
1.1226
0.1739
1.7505
1.9355
0.2021
2.2207
0.4903
0.3144
0.1284
0.7035
0.1161
0.0619
0.9298
0.7968
0.8547
1.1248
3.2096
0.7789
2.0161
0.1177
3.3155
0.0936
2.7781
1.3830
1.1733
3.5882
0.3034
0.1215
0.7280
0.0195
0.1909
0.0370
0.3867
0.6139
2.4767
0.4901
0.0993
0.7918
2.4576
2.2495
0.9548
1.8511
0.2166
0.5632
0.1112
0.7356
1.8835
1.5045
0.2543
0.4633
1.3398
0.0267
0.1377
1.4991
1.9056
1.8780
0.5933
1.6621
0.9295
0.1665
0.6567
0.1019
1.0634
7.8204
2.4495
3.0909
1.6029
2.7863
0.2648
0.0446
0.4228
1.3359
0.0442
0.2513
1.8930
0.6535
0.4205
0.0507
0.0645
0.7374
0.5316
0.9253
0.1189
0.0219
0.6430
0.5406
0.5512
0.3648
0.4549
0.0039
0.6984
0.2095
1.9690
0.8858
0.8922
0.4104
0.0929
0.7411
1.0282
0.3656
2.4193
1.1703
0.0701
0.3046
1.8544
3.1995
3.1449
0.5543
1.4051
0.1638
4.7256
0.5585
1.2640
1.0749
0.4146
0.2366
0.1290
1.7529
1.5996
0.4481
1.4585
0.6982
0.9568
0.4325
0.8675
0.2984
2.8096
0.9515
0.0033
1.0259
0.7601
0.0985
1.8051
0.1214
2.0361
1.5507
0.0549
1.9051
0.3297
0.0286
0.4233
0.6682
0.4825
0.3671
1.2337
0.7979
0.4773
1.3922
0.1602
0.0743
3.2455
0.5443
3.2293
0.2025
1.5967
1.1967
0.3566
0.5979
1.6478
0.0007
0.6881
1.2329
1.1047
0.0748
1.6524
0.3344
0.6516
1.9583
0.1840
1.6719
0.0141
0.0961
1.0519
1.7111
0.4586
0.8939
0.8732
0.5055
0.1444
0.0167
1.4088
0.4159
3.9911
0.1737
0.7490
0.7178
0.2374
0.3619
1.6713
1.0487
0.9321
1.9458
1.7931
1.6180
0.2401
0.0690
0.0046
0.5186
0.1908
0.1194
1.5723
1.1301
3.3705
2.7091
0.6671
0.0291
1.4095
0.1418
1.6589
0.0118
0.9284
1.5724
0.4366
1.2818
1.3386
0.8338
0.1715
0.4675
1.0737
2.8824
1.2801
0.2000
1.9356
2.2586
2.4540
0.1580
0.6663
0.4268
2.0779
2.1984
0.4949
0.0311
1.8515
1.0894
0.7520
1.4315
0.1092
1.3976
2.2460
0.2991
5.7090
1.6345
1.8099
0.4295
1.7758
2.6436
2.1819
3.1005
4.7352
0.7307
0.6571
0.9258
1.5641
0.0238
2.0209
1.7871
0.9815
0.1203
2.3007
0.4663
0.8669
0.7676
5.3919
1.1236
1.6050
0.2675
0.0647
0.0473
1.1543
1.2899
1.1521
1.2916
2.2983
0.0941
0.0146
0.6435
0.0030
1.0818
0.8212
1.5689
0.0630
0.0233
0.2777
0.8636
0.3664
0.1354
0.5900
7.3140
1.1927
0.2421
0.7254
0.2522
0.5444
0.1347
1.0269
1.1676
0.5482
3.0822
1.4853
1.0338
1.1265
0.9439
0.1874
1.7936
2.7270
1.3377
1.9564
1.2964
0.6061
0.2564
0.1494
0.3955
0.2217
1.7698
1.2017
1.5149
0.1561
3.4266
1.7959
0.5127
0.6873
0.1239
1.8036
0.6179
0.1960
0.0643
0.0715
1.5020
0.5770
2.1861
3.4557
0.9943
0.1130
0.7110
2.5943
1.3935
1.9432
1.7840
1.4715
0.4507
1.5582
2.2989
0.5134
2.4882
0.0003
0.1392
1.0823
0.2293
2.0483
0.4834
0.2996
0.0360
1.3415
0.6413
0.2692
1.2785
1.6947
0.3612
2.3828
0.1463
2.6638
0.1223
0.1803
2.9032
0.3260
0.2925
0.3770
0.8627
0.5791
0.0799
0.3510
1.0524
0.8038
0.4952
1.0062
0.5752
0.0339
0.0387
0.1531
3.9941
0.1215
0.0613
2.9650
0.5804
1.4025
0.5865
0.2177
3.0439
0.3111
0.1354
0.0040
2.3555
0.7382
0.6206
1.1977
0.5128
1.3862
0.0621
0.7153
2.2195
0.1022
0.5987
0.0452
3.5703
0.0000
2.2005
0.9573
0.2859
1.4842
0.8988
3.8502
0.0007
0.4874
1.2000
1.3579
1.4077
0.0419
1.9262
2.1826
0.3675
0.0000
0.0408
1.3743
0.2811
0.0962
1.5924
1.6726
1.9058
3.4418
0.0320
0.1328
0.7032
2.4878
0.4104
1.1619
0.0745
0.4842
0.8713
0.5863
4.6601
0.3239
0.5019
1.9891
0.6388
1.2862
1.5090
1.6618
0.8909
0.3289
0.6577
4.9606
1.6049
0.8300
0.0354
2.6792
1.1395
0.3079
1.7184
0.2567
0.2667
0.4048
0.5605
1.3253
3.6676
0.7055
0.4305
2.0397
3.1135
0.0898
1.3153
1.4993
0.0962
0.7915
0.4422
0.0444
0.4263
0.7360
0.6292
2.4905
0.2611
0.0360
0.0234
1.0528
0.4899
0.5264
3.8135
0.4373
1.6541
0.2665
0.1212
1.1390
0.3475
1.2381
1.8063
0.4434
0.7049
1.7718
1.8182
0.5829
2.7760
0.0696
0.2133
3.5318
0.6593
0.5191
0.1405
1.7192
1.8231
1.9908
0.6358
0.3199
0.0230
1.6706
0.7208
0.7149
1.6170
0.3958
0.0418
2.2931
0.3539
0.0100
0.1502
0.0894
3.7489
0.7273
0.0169
0.0740
2.4612
2.3237
4.7686
4.0225
1.0482
0.0553
1.0125
2.0000
0.5187
0.3566
1.6696
1.9148
0.4479
1.0048
3.4428
1.3452
0.7962
0.3934
0.0193
0.3238
0.3923
2.0986
0.2160
0.0040
0.9901
0.6600
0.0112
0.3077
0.2507
0.5829
0.4302
1.9914
1.2990
1.6573
0.6776
2.4291
0.7111
1.1939
0.9917
0.0001
0.7472
1.7033
1.9388
0.4737
0.1932
3.0564
1.0771
0.8903
0.3207
0.5223
0.4082
0.1443
2.1558
3.2192
1.7196
2.0370
0.4351
1.4711
3.9523
0.0129
2.3865
0.0000
0.0661
0.1447
1.1189
0.3467
0.1568
0.0002
1.7539
0.8609
0.5110
0.0576
1.7416
0.4364
0.1481
1.4533
1.8835
0.1536
3.2013
2.5557
0.9571
2.8313
2.1320
0.9119
0.4226
3.1463
2.1332
1.0120
0.2856
1.6771
4.7696
1.1630
0.2616
0.6545
1.2053
4.3346
1.4767
0.1333
0.0526
0.9691
0.2557
0.0093
0.0871
1.1683
2.3543
0.1908
1.2048
1.0959
4.4351
0.6930
1.4238
0.1666
1.0640
0.9730
1.7935
0.5256
0.9941
0.0643
1.1208
0.1704
0.9256
2.3968
0.0218
0.6048
0.0883
0.0899
0.4788
0.7432
0.1348
0.0310
2.0163
1.1082
0.1219
0.3603
1.8885
0.5460
4.6151
0.9778
1.2475
2.4928
0.0214
1.3414
1.4051
0.0996
0.1191
1.0509
0.0198
1.0672
2.1713
0.7942
1.0049
0.2669
0.6773
0.0002
0.3829
0.8825
4.5211
2.2429
0.5051
1.3652
0.2453
4.5833
0.9791
0.2229
0.6695
0.0706
4.8098
0.1576
0.9097
1.4181
0.1775
0.1749
0.0836
1.5441
1.7285
0.0000
0.3736
0.0094
0.6144
0.0514
0.6092
2.0610
2.3703
5.5288
4.7217
0.3563
1.4897
0.7040
0.0025
0.1806
0.2121
0.3322
4.6831
1.1059
0.3663
0.9137
1.0996
0.6394
2.9850
0.6993
0.1037
1.0962
0.2315
0.9559
2.6392
0.6374
1.4656
0.0244
1.8530
0.4446
0.3295
1.8748
0.0214
0.4451
