9.8912
0.1191
1.9702
1.6056
5.6970
5.4466
2.0250
0.2992
8.8333
1.5990
5.2214
0.8783
3.0123
19.9999
1.8200
3.1215
1.4753
4.0534
3.8023
7.9012
1.5525
6.0489
10.3624
12.8711
5.4714
1.7376
5.8762
0.3110
0.0702
0.4976
3.2065
2.5913
6.4122
2.6277
3.1358
0.1011
7.4056
4.0832
1.4413
2.8621
0.0225
7.2029
6.3547
0.1007
0.2991
0.6132
0.8853
0.4129
0.0539
0.5209
1.7454
1.1456
1.7227
10.4629
2.0260
4.9043
0.7801
1.9271
3.9448
0.4808
3.9111
2.6614
0.3937
3.9972
1.5762
2.2773
6.6085
1.6014
6.0319
3.8740
4.4154
2.7405
1.3255
3.6108
3.9225
2.4363
8.4124
0.4977
0.1581
18.5063
1.1880
3.7936
1.2050
0.5779
8.7977
12.9807
1.0196
0.1258
1.1897
3.7496
1.7277
3.3381
1.3641
0.0064
1.3670
1.7715
0.6426
0.6145
1.0878
1.8635
2.1179
3.6001
0.1795
0.7520
0.0403
1.1908
3.5825
4.7994
0.4704
1.7079
5.4809
7.9864
2.1191
0.5840
0.2062
0.4109
1.6307
3.6435
0.6684
10.0885
0.8001
2.1085
0.8376
5.6831
4.4377
1.9499
2.4675
1.5379
1.3602
0.7761
0.1058
0.0515
0.0174
2.5262
1.5087
0.5286
0.5891
0.8596
0.7369
6.7199
0.1298
0.9838
1.0280
1.7151
6.5581
2.2328
0.3546
8.7316
0.1875
0.0464
8.0346
3.9154
1.0022
0.5767
5.4325
1.8511
0.8108
1.0004
2.6836
2.2506
1.5832
0.1616
8.6815
2.8397
1.1140
2.1364
1.4446
1.5460
2.5377
2.6872
0.4357
0.9430
1.3374
0.7595
1.6315
0.0555
1.7883
0.0021
0.9801
3.8090
0.0329
0.3009
0.9485
1.5465
0.8209
2.0367
0.7434
1.1138
1.3299
0.9474
2.0863
0.5684
6.8376
0.0349
6.6731
2.0890
3.1550
2.7326
1.6330
0.7873
3.4929
0.2900
0.2191
1.2302
3.1640
3.2853
0.0120
1.1176
0.5729
0.1673
0.1917
0.3167
0.3271
0.2574
0.3614
0.1712
2.3020
0.8082
5.9624
0.3759
2.8875
2.7818
0.0449
3.7482
0.8915
1.1326
4.3068
2.0390
11.1210
1.8548
3.0308
11.8171
0.9928
4.4472
1.8274
2.1186
0.9183
2.8702
0.4947
3.3558
1.2181
0.2247
0.6388
3.6373
2.8808
1.3394
2.5699
1.3443
0.7991
1.8175
0.2596
0.6288
1.4052
1.3482
4.4053
0.0001
0.1020
1.7771
7.0163
0.0601
0.6196
0.9358
2.7171
0.0641
1.9401
1.4584
1.0561
0.1748
3.1155
0.2478
1.6330
0.1299
0.6099
1.2240
1.1808
7.8100
0.9542
0.0004
2.9977
1.8386
0.7252
0.2671
0.3767
0.3880
0.4859
1.9033
1.0571
0.9912
3.6691
1.3287
0.1595
2.1293
3.0032
0.2661
0.6690
0.4391
5.5285
0.3310
1.4783
0.0894
0.5600
0.3555
0.6294
3.1513
0.7794
4.0854
0.6314
0.0075
3.6546
2.0916
1.1404
5.5746
2.2479
0.3323
2.2740
0.2507
1.4038
1.9591
0.7837
1.4175
0.0208
0.7663
4.1399
1.1109
0.2851
1.3485
0.0769
0.8425
2.4770
4.3115
1.7591
1.1743
1.6246
2.3770
2.3990
0.1747
0.6368
0.0315
1.1034
1.0208
1.1637
3.4690
3.5353
0.0038
4.2913
0.5738
2.1444
1.4545
3.0674
0.6317
0.0247
0.7589
1.6755
0.6086
1.4789
0.9751
6.7835
0.7302
1.1786
3.0016
0.0467
0.1882
0.8713
2.9995
0.7666
0.0140
0.0281
0.4040
1.2633
0.3183
1.1015
0.9734
1.4261
2.9544
0.6687
0.0262
0.6867
2.7955
0.0044
9.3476
0.1540
3.2435
2.5538
0.0993
3.0229
1.4276
1.6526
0.0613
0.1862
0.2908
0.6755
2.7014
1.0879
0.9165
0.6071
3.8302
0.8101
1.1714
0.0131
0.0000
1.2532
0.5163
2.4616
0.5468
1.5206
2.4912
2.4291
4.1380
0.1383
0.1868
2.3098
2.5354
2.2248
2.1135
2.8068
3.0500
1.7783
3.2543
1.0219
0.1339
0.2389
1.7144
0.4455
0.3518
2.3488
0.4135
0.0317
0.1664
0.6295
1.8873
0.0057
0.9188
0.3285
0.3179
0.0805
3.8062
0.8591
0.1027
4.8337
0.2931
0.3359
0.7375
0.0025
0.7138
3.8403
0.1865
1.1615
0.9258
4.6116
3.2551
0.8396
0.8917
0.0103
0.5013
1.0980
1.2917
1.1932
0.5287
0.1052
0.9484
1.7524
2.2860
4.2547
0.2493
2.7829
1.0476
0.1876
0.0957
1.8929
1.1290
3.4091
1.6552
4.6745
1.5465
1.4745
0.0677
0.9876
0.3573
0.4393
1.4667
0.1240
2.2794
1.5131
2.1427
0.6259
2.8568
0.4265
0.4998
0.1082
5.8860
2.6871
1.1622
0.2576
1.6951
0.0999
0.2140
0.7546
1.5571
4.4040
0.0134
0.0165
0.3055
0.6492
0.1072
3.3122
0.7897
2.2363
1.8225
0.4269
0.0871
1.6837
0.1429
0.3797
0.0782
2.6206
0.4660
0.2155
0.2883
0.1202
0.6909
0.4360
1.1324
0.6017
0.2441
0.2443
0.1034
2.3725
1.2134
0.1332
1.7939
0.8180
0.0026
0.7926
1.2425
0.8316
2.7253
1.6918
0.0171
4.8365
2.4318
8.5976
3.5676
1.5230
1.9131
0.4785
3.5001
1.0285
0.9268
0.3215
0.0024
1.0143
1.0011
0.2895
1.7901
7.8301
1.1118
1.8349
1.6312
0.8072
0.0282
0.4977
0.3773
2.2700
0.9010
1.4608
0.4654
2.1759
1.4438
0.7796
1.8075
0.0841
1.4849
1.5921
0.5774
0.1888
0.1084
1.2350
7.5372
0.9390
1.0461
0.4022
3.2339
2.4203
1.5575
0.8516
0.9476
0.4656
0.0003
1.4226
1.4238
0.7179
1.3679
3.7022
3.2868
0.3853
1.3002
2.6619
0.9481
2.6996
0.1039
0.1855
1.4772
0.5288
1.3672
4.5009
4.0656
0.2017
0.3403
0.0024
0.1056
2.8831
1.9099
5.7920
1.7505
0.7407
1.5948
2.1244
0.8753
2.5590
1.6845
1.8309
7.5203
2.2926
1.2014
0.1668
1.5809
0.9034
0.9295
1.5480
0.1482
0.8522
2.4521
1.1358
2.1621
0.0428
2.8225
1.0569
2.7809
1.4798
1.2177
2.5702
1.9620
0.3555
0.0208
1.0511
5.5268
4.1265
1.7541
2.1595
7.6967
1.7127
1.9301
0.9005
0.1160
0.5146
0.3563
4.2050
2.0895
0.1231
2.2401
0.2834
0.0000
0.1619
0.6104
0.5038
0.7204
0.0031
0.1005
5.1157
0.5589
0.2781
1.8007
2.2449
2.3499
0.0825
1.0769
2.4121
0.0157
2.3725
0.8680
0.8905
0.8949
2.9455
0.7122
0.5159
4.3763
0.0347
0.0393
1.5290
1.2294
0.9695
3.9404
1.4626
0.0305
3.4066
4.6266
1.5566
5.8743
0.0477
2.6862
1.3454
0.6640
2.2217
1.8171
1.2293
0.3141
0.1226
2.0447
0.0889
1.0183
1.2319
4.4943
1.2897
0.1407
4.1005
0.4907
2.3119
1.7033
0.4906
0.0500
0.7524
0.4837
0.2574
3.1626
2.7388
0.0000
0.3243
2.1713
2.3315
3.2023
4.1784
2.5721
0.9332
2.1312
0.0029
0.8651
1.4933
1.0761
2.9822
0.1724
0.0000
2.8660
0.1442
2.5210
2.5410
2.6969
1.2058
0.5173
1.8422
0.7194
4.3029
0.1888
11.9140
0.0017
1.9346
2.9194
0.4081
1.3430
1.8967
1.6423
2.2706
0.3445
0.5117
1.5477
2.3494
0.4629
1.1270
1.2824
5.4054
2.5424
0.9827
3.8855
1.4692
0.6567
2.1681
0.3031
0.8886
6.4244
1.0710
1.9099
1.3653
1.0311
0.1031
0.4132
1.6250
2.0820
2.6810
1.2006
0.3563
4.2600
0.2842
3.7235
0.2041
2.3895
1.9953
0.1787
1.4619
0.4698
1.8906
1.7785
3.0704
1.6990
0.5382
0.0226
0.2917
2.7885
1.2370
0.8341
0.6135
2.5133
0.6503
1.1267
0.3893
0.8003
0.0820
2.6173
0.9585
0.0460
0.2757
2.9398
2.1237
1.6008
0.0625
0.5891
1.5273
0.5740
0.5537
1.8560
1.4306
0.3961
0.4771
5.6123
0.2585
3.6448
4.2954
0.3640
0.4243
0.2338
1.7675
0.0634
3.4813
1.6543
0.4302
0.0810
0.7313
6.2154
2.4782
4.6184
2.2314
5.9346
1.8005
5.4036
0.1889
1.0409
0.3449
0.9372
1.0772
2.3904
3.0533
0.7847
0.7941
0.5863
3.2162
0.0308
1.2361
0.0360
7.4012
1.1743
1.5416
0.0972
4.3848
1.1447
7.3609
1.5714
3.2096
0.3654
0.6365
1.4274
1.2892
0.4869
1.1428
0.1027
0.2921
2.0065
1.7542
2.4921
3.6759
2.2692
0.9630
0.4952
0.5568
0.3637
4.0747
0.4557
0.4407
0.5592
1.0955
4.5641
0.0759
0.5467
0.6903
1.7398
1.7670
1.8939
1.9802
0.6764
4.9115
0.0093
0.4621
1.4667
3.0978
0.3731
1.1513
3.2069
0.2429
1.2000
0.7828
2.0307
0.4114
0.0345
1.0075
2.9337
0.9826
1.5580
0.7503
0.7746
4.7500
0.1522
1.3165
0.1808
1.6393
0.6606
0.2249
0.0892
0.3743
3.0089
3.8885
2.2725
1.8676
0.2279
2.2268
3.9715
0.0493
0.8536
0.6301
7.8283
2.8563
0.3167
0.6735
3.5309
0.3393
0.1957
1.9883
0.5181
1.7119
0.0682
0.5955
3.0047
3.0766
0.3213
1.1463
0.3307
1.5630
0.6171
0.4592
1.4115
1.1402
3.1986
0.6071
3.4497
1.5933
2.0914
2.1022
7.7908
2.5772
1.4280
1.2155
0.1781
0.7005
2.3586
1.5050
0.5217
2.3056
0.1041
1.8438
0.7271
0.1220
0.8723
0.3599
1.9093
2.0161
0.5529
1.5016
0.0110
0.0794
0.7769
1.5696
0.2208
1.4208
0.7783
