0.3557
0.0415
0.5063
0.2772
0.0227
0.1512
0.1300
7.1806
0.7803
0.2372
1.0091
0.2187
0.9091
0.8659
1.7532
4.4083
2.3394
0.1637
0.5315
2.8701
0.3519
1.1357
0.0362
0.8712
2.7751
4.0912
1.6222
1.7330
2.7192
0.6454
1.5724
0.5238
1.9188
2.5669
0.3065
0.6486
0.1085
0.5865
0.8627
1.7800
0.2920
0.5039
0.9325
1.3032
0.1605
1.1556
0.0482
5.7512
0.5936
4.2109
0.9520
0.3751
3.5655
1.4176
2.2886
1.7879
0.4314
0.8300
2.3772
1.0754
1.6790
0.2029
0.8017
0.4639
0.2830
1.0952
0.7418
1.9924
0.0083
0.1560
1.9859
0.0002
0.1688
2.3864
0.2648
1.1207
1.5801
1.3858
0.0284
0.0366
0.8680
0.5833
2.1376
0.2632
2.0743
1.7528
0.9591
1.1460
0.1924
1.0323
0.6280
2.8314
0.3962
3.3797
0.3226
1.2594
1.9493
0.0100
1.4026
3.9191
