19.9999
3.1009
4.3644
1.5918
0.0974
2.1056
0.3746
2.7216
6.0831
4.4570
1.3284
4.9067
0.2123
0.1401
0.5002
0.8191
7.4979
0.0396
1.1963
0.5800
5.4726
1.5757
0.7089
1.4701
1.6053
2.4163
1.8542
6.0530
4.4371
1.1745
0.0027
7.1208
0.2497
4.4863
0.7519
2.6813
0.0000
5.2125
1.3676
0.4548
3.4729
2.0038
3.3234
4.0490
2.4334
1.7370
0.6557
1.5792
0.0518
0.6685
0.0237
0.7919
1.4654
2.5692
2.9660
0.3425
0.3460
1.1307
1.0188
3.1698
1.3704
0.2200
1.9170
0.5211
0.5610
1.6950
2.2662
3.0160
0.0705
1.5257
0.2140
4.9739
3.5376
0.0658
0.6541
0.8049
0.9868
0.1410
2.3313
1.4584
1.6197
1.4742
1.1748
0.3556
0.0500
2.2564
1.5314
1.0279
5.8116
0.9603
1.6243
0.6502
0.3248
0.0582
1.1484
0.8081
1.5140
3.4987
0.7348
0.2483
0.8959
1.7730
1.6460
1.0324
0.7041
0.2899
0.3199
0.3635
0.1051
0.1680
0.1536
0.5184
2.0201
0.5698
0.2328
0.0585
0.9505
0.4985
4.8213
0.5246
3.3730
0.0537
0.6029
0.5139
0.2812
0.9722
1.2022
7.2470
0.0607
1.3190
1.6409
3.3400
0.4116
6.3325
0.3951
4.1946
0.5190
1.2256
0.1035
2.0226
1.1411
2.8373
0.3325
0.2281
0.9169
0.0790
0.7286
1.2159
2.1818
0.0576
3.8208
1.5883
1.1031
0.9403
1.1232
0.3959
3.1867
1.2862
1.8763
1.4919
0.1572
1.3804
1.3253
0.1876
1.1267
3.9923
2.6897
3.8833
0.0564
0.4637
0.0184
0.7461
0.8554
0.6527
0.1020
0.6726
1.5107
0.9261
5.2935
1.5880
1.1098
0.6636
0.9584
1.1800
0.2351
0.7554
2.5541
0.9330
0.8554
0.0201
0.0258
0.1472
1.1418
0.1580
0.6219
2.8886
1.6186
0.2155
0.2985
0.9463
0.6473
2.3177
0.6583
2.5753
1.4230
1.6041
2.4811
0.1159
1.2981
1.2887
0.0251
3.7799
0.3155
1.6868
0.1247
0.4788
0.2047
0.3685
0.3633
0.1160
0.4760
1.6764
1.7410
0.6891
1.3807
0.8979
2.1569
1.1854
2.5626
0.2580
1.5185
0.6545
0.5724
0.9792
5.4946
1.9475
0.0230
0.7988
0.9316
0.2769
0.9476
1.0011
0.0580
1.4052
1.9519
2.2182
1.8507
0.3938
3.8664
0.4276
0.2181
1.2489
0.6554
0.1272
0.8967
0.0426
0.0139
1.9984
2.1051
0.7628
0.1125
3.6454
0.9609
0.6769
0.3996
2.4287
0.4222
0.0643
1.6284
2.0526
0.9186
2.1573
0.2235
0.2325
0.1506
7.7529
11.9216
0.6002
4.8533
0.0000
2.2810
0.1074
0.4357
0.2172
2.2181
1.4384
4.6622
0.4614
1.5251
0.5265
1.5165
0.1975
0.6454
2.0516
0.3247
1.0158
2.5484
1.2534
2.1615
1.2900
0.3567
1.1306
0.8429
2.9806
0.1539
0.1696
0.0422
3.2033
0.4742
1.1596
1.1074
0.5150
0.8042
0.5902
1.5814
0.0835
2.0347
0.4261
0.1288
3.2882
0.6258
6.1252
1.4388
0.5792
1.2820
1.1198
0.1701
1.9901
1.4262
1.6480
1.7082
0.9673
1.7121
1.1843
0.1061
4.5192
0.5216
1.3167
1.6548
2.8004
0.0669
0.9517
1.3408
0.6638
0.0013
0.3008
1.2482
1.9233
1.9669
0.5165
0.0349
1.5587
0.8570
0.3708
0.3548
0.2156
3.8542
0.9047
2.3479
0.4598
0.2426
1.1266
1.6828
0.7865
1.0864
0.1732
1.7326
0.0074
0.4802
0.7867
1.7759
3.1023
0.2348
0.0872
0.0344
0.3221
1.8759
2.8188
1.1227
0.1148
1.7930
2.6875
5.6528
4.3857
0.4628
4.3528
0.3149
1.8491
0.0071
0.3178
2.4055
3.9683
3.8066
0.0080
7.7277
1.2847
1.2871
1.6544
1.4346
1.6347
1.8037
1.4692
1.1897
0.0000
0.3036
1.3764
2.4745
0.7331
3.8567
0.3037
0.9247
1.0960
0.9432
0.4292
0.6541
0.3775
0.3680
0.0049
6.2763
0.8592
0.9931
0.5609
0.1746
1.5035
2.3870
0.0958
4.8143
2.3894
0.5494
0.2084
1.5413
1.0249
1.8211
1.7746
2.5530
0.6800
2.5313
1.7171
2.3615
0.6070
0.3630
0.8862
0.1411
0.3966
1.6016
0.9317
4.9940
2.1268
0.2564
1.4210
0.1845
0.1569
0.3906
0.2344
1.1727
0.6905
5.3181
0.0035
0.0293
0.0468
0.6474
0.4490
1.6133
0.8782
0.3566
0.4458
0.6398
2.3687
0.0306
1.0605
0.2459
1.4300
0.9271
2.1569
0.0369
0.4761
0.2300
1.1165
0.0000
2.6493
0.0000
1.3144
0.0638
0.6407
0.3646
0.2225
2.0042
0.0084
0.0022
1.7277
0.0062
0.5673
2.0057
0.8644
0.8505
0.6365
0.0499
0.0410
5.0186
0.1706
0.5363
3.6564
0.7184
0.7511
1.6406
1.2023
0.9758
0.4885
0.3065
0.9512
1.4383
0.4659
0.2916
1.5270
0.3959
0.2047
0.4259
0.0000
2.9166
1.2765
0.1306
0.4702
1.0083
0.0347
0.3003
0.1109
0.5226
0.5318
0.0887
0.0002
1.6063
6.8466
1.8162
1.6211
0.5569
1.0364
0.1616
0.2080
0.4334
0.0110
2.4458
0.1802
0.0944
1.0519
1.4100
3.3432
1.0965
1.8254
0.2537
1.3438
0.0551
1.3040
0.0784
0.0965
1.1104
0.4583
0.1925
9.2548
0.4574
0.5798
0.4036
0.0082
0.2078
0.3328
0.0336
0.9920
0.2166
0.1002
1.3036
0.0530
0.7581
1.5017
2.8240
1.4724
0.9924
4.0427
1.2110
0.3328
0.5923
0.8785
0.1472
0.2584
0.2873
1.5652
0.1175
2.5317
0.2637
1.0857
0.1373
0.0174
0.5808
0.3407
1.1469
1.2775
0.2324
4.4958
0.5917
0.8192
0.0328
1.5811
3.9493
1.9951
0.1013
2.7711
0.3219
4.0605
0.1124
1.4869
0.1204
0.7294
2.9018
1.3448
0.4195
1.7879
0.0405
0.4912
1.6932
0.2069
0.0799
1.8358
0.1253
0.7693
0.0033
2.5713
1.2013
0.5375
0.5011
1.6275
2.7277
0.4379
1.8471
1.2540
0.7307
0.0657
0.6052
0.1541
0.3908
0.2696
3.9619
2.2892
0.5794
2.0791
0.2981
0.0046
2.6929
0.8349
1.1469
0.0067
1.5589
0.0329
4.0424
0.0357
1.1888
0.4940
0.6875
1.4126
0.3725
0.8745
0.0112
0.2911
1.4048
2.2132
1.6469
0.3994
0.2417
0.0468
3.2137
1.0108
1.4804
1.0927
0.7545
1.7723
2.0550
0.1508
0.5454
0.1341
0.7857
0.8756
0.0951
0.0552
0.4145
4.6133
0.8883
0.1817
0.1672
3.6475
1.8251
1.2788
0.2369
4.7623
0.2356
0.3870
0.5323
0.1593
2.7857
0.8322
0.4687
0.0141
2.9412
0.4156
0.0557
0.1854
0.8478
2.7419
0.0537
2.4285
1.3016
2.5575
0.6604
0.1492
1.5746
1.0813
0.5616
0.1650
1.5415
2.0347
0.6136
0.4853
0.4514
2.2280
0.6399
0.4744
1.9049
0.9885
3.1615
0.6839
0.9861
0.2701
0.2922
0.6058
2.3331
0.1973
0.0976
0.0439
0.7702
0.4047
2.9620
0.8691
1.5811
3.3500
0.4034
0.7482
3.2618
1.5048
0.4384
0.5498
0.9478
0.2947
0.9465
7.9598
0.6715
0.8560
3.3836
0.5727
1.2008
0.5821
0.2422
0.1194
0.2053
0.6048
0.7654
0.2927
2.2964
0.3808
2.7344
0.0480
1.2773
1.2592
1.8529
0.4104
0.0485
0.0078
0.8716
0.7082
1.3172
6.5721
2.7760
4.6688
0.2857
0.7213
1.5017
0.5519
0.2324
0.0211
1.6936
0.0061
0.3563
0.3319
0.9164
1.4676
0.0029
0.0174
0.9201
0.0323
0.9310
0.1796
2.8237
0.6584
0.3735
0.8233
1.1448
1.9870
0.0626
2.3573
1.3648
0.8211
0.9506
0.0859
2.7543
0.0520
1.9276
0.7347
0.6538
0.0447
0.2949
4.2482
0.2560
0.6435
0.3245
1.8356
0.6904
1.1632
0.3273
1.3879
1.8342
0.5317
2.4936
0.4872
0.2855
0.3746
1.4948
0.8439
1.2756
2.9655
1.1359
1.2859
0.7452
4.9839
1.0138
0.2577
1.3945
0.0000
5.2453
0.1030
2.7583
0.1498
0.1867
0.0703
1.7366
0.3576
1.4092
1.2602
1.4523
0.7751
2.4865
1.5176
0.2763
1.1742
0.1204
1.3071
0.4085
1.9770
0.6121
1.2656
0.0469
4.8823
0.0545
0.8022
0.0030
0.2082
1.7069
0.6126
0.7872
0.9745
0.0000
0.5146
0.4279
2.3592
0.3960
0.0210
0.5885
0.3802
1.7102
0.0165
0.0537
1.5734
1.5666
1.2076
1.9928
0.3202
0.0197
6.2025
0.2377
0.4060
0.3247
4.7018
0.1692
0.0443
0.1975
2.7956
1.3379
1.2326
0.3138
1.6780
3.3788
1.6672
1.1992
0.2156
0.8977
1.2644
0.1448
1.2383
1.5360
0.0596
1.7697
3.0489
1.2044
0.1035
0.6102
0.4730
0.1358
0.4007
0.8072
1.6352
2.2503
1.3489
0.2876
0.5476
1.8910
1.8969
1.3097
0.6531
1.2566
1.1771
0.1753
2.1359
2.7433
1.3041
1.4697
0.0581
0.2393
0.5418
0.0564
0.0687
1.5895
0.2430
1.1796
1.9171
0.5071
1.4535
0.8399
0.9406
1.3336
0.4255
0.5914
3.7115
3.5487
0.0126
0.5317
0.5396
