2.3473
2.6724
2.4213
2.0246
0.7883
2.7818
5.1750
0.1252
1.1483
0.2565
0.4160
0.6724
0.3822
5.5835
6.4805
0.9182
0.1813
1.4595
4.0903
1.5094
2.0964
0.2586
0.0013
0.7040
0.8926
0.2843
1.3586
0.8617
0.2196
1.3507
2.8835
1.0168
0.5127
0.0771
1.8447
0.4955
0.9246
3.2180
2.5435
4.2814
3.0779
2.2849
0.1972
0.3632
0.8065
0.1241
1.2871
0.3915
2.3072
0.6641
0.5573
0.3362
0.1948
1.3166
1.0753
0.4020
0.4916
0.8824
1.5032
2.1222
0.0602
1.6771
3.1424
0.8140
1.5804
1.2941
0.3600
0.3774
0.3469
1.6560
3.0241
1.9798
0.0740
2.4386
0.9927
0.6359
0.4625
0.8036
4.3123
0.4720
0.3381
4.1378
0.1651
0.0954
1.0652
1.3954
0.3924
0.3815
0.6222
0.7097
0.7165
0.2007
0.6331
0.1285
1.1634
4.4388
0.0663
0.7561
10.1772
1.9434
0.4010
0.1189
0.4286
4.6873
0.0124
1.9758
0.1348
1.6302
1.1419
0.0124
0.7320
0.2176
0.3039
0.3133
2.1098
1.6697
0.1916
1.9279
2.4235
0.6299
0.5313
0.2972
1.2621
0.1327
0.4028
1.1959
0.3657
1.1996
2.1573
1.3457
2.4438
0.8189
4.6586
0.1871
1.3890
0.0291
3.2438
1.0119
1.1448
0.8460
0.0482
1.7070
0.8044
0.0102
0.5140
1.3797
0.5143
0.4029
0.0982
1.6731
1.9100
0.6338
0.4387
0.2646
0.7701
2.7665
0.2305
0.2347
0.0892
0.3099
2.2823
0.1800
1.0094
2.1521
0.6502
0.3588
0.6491
1.9915
0.9065
1.9951
0.3654
0.2849
0.3565
0.0674
0.1535
1.8858
3.8119
0.8793
1.7854
1.5637
0.3670
0.3191
1.0772
0.4129
1.9962
1.7937
0.4247
0.2473
2.1207
0.0022
1.1191
0.3761
2.4303
1.8462
2.1599
0.6851
0.6698
0.2706
0.6024
0.3014
1.0221
0.5443
0.3128
1.6544
0.1200
3.6937
0.3709
1.4929
0.7997
0.0360
0.5014
0.6559
1.0416
0.4514
0.3191
0.5430
2.1804
0.9352
0.0966
1.2560
0.6202
1.4414
0.2967
0.1566
1.7894
0.8979
3.3106
1.6150
0.7401
1.2502
1.6974
0.7687
1.7623
0.2671
0.2854
0.6557
0.1432
1.1891
2.0903
0.7335
0.0627
0.5373
0.4656
0.0201
0.4170
1.0059
0.4888
0.3753
0.2193
1.2353
1.3534
1.1424
0.8142
0.7872
2.4345
1.2997
0.1834
0.1364
0.7447
0.2288
1.3301
0.4675
0.4985
0.1645
1.4298
0.7736
0.5564
1.1426
1.8580
0.1595
0.2334
0.3209
0.4150
0.3009
1.2441
3.6139
0.1524
0.7672
0.5171
7.8575
2.6505
1.3762
0.8467
1.1040
2.1140
3.3651
0.1888
0.5009
0.9989
0.2423
0.4827
2.6219
0.9089
1.3812
3.2777
0.0026
4.7272
1.1709
0.4601
5.1737
0.7458
0.2591
3.9025
0.5474
1.0247
1.4126
1.3239
1.5931
0.0039
4.5658
0.0000
2.4847
0.6675
5.2478
0.2262
2.0045
0.5779
0.6492
1.7208
0.6831
0.1932
0.1722
0.8999
0.7304
0.1539
4.0196
1.2239
1.6782
0.1201
3.7679
4.4249
1.5667
1.1935
2.4864
1.6595
0.2619
1.4309
0.7562
0.3090
0.1748
3.7764
0.6472
3.1169
1.4127
0.2199
1.1876
5.1359
1.3936
0.7066
0.5102
2.3009
2.6417
1.0487
2.1343
0.3351
0.7403
1.5149
0.0005
2.1450
0.9688
1.9342
0.0063
0.0000
0.1536
0.6000
3.0378
0.4849
6.8773
3.7316
0.6658
1.3426
1.8172
0.4974
0.2008
0.8564
0.5336
2.1812
4.6079
0.0192
0.7552
1.0311
1.1152
1.2146
1.3296
1.7549
0.9503
0.4796
0.6128
0.3190
1.0581
1.7843
0.1904
0.1875
0.0990
0.0963
3.0844
0.8459
0.0091
0.8230
0.0000
2.5860
0.5726
0.9395
1.1086
0.0132
0.8472
0.1681
1.0915
0.3972
0.2620
0.3206
0.8041
0.7520
0.3337
0.2541
3.1940
0.6102
0.6223
0.1416
0.9613
1.1478
0.0709
0.5440
0.2534
0.5639
0.6550
0.8164
1.3024
0.0519
0.0547
1.1772
0.8375
0.5450
0.0620
5.2462
1.4519
1.4581
0.2085
3.8897
0.2592
1.5929
2.3650
1.1199
1.1270
1.0030
0.7199
0.0519
1.1245
0.7023
0.0382
2.9073
0.1052
0.5239
0.3452
1.4216
0.4145
1.0173
0.0256
0.0262
0.5696
0.0218
0.0278
1.4626
3.2761
2.9572
1.4410
1.7790
0.0003
1.9445
0.2149
0.5310
0.8563
2.6823
1.3974
0.0069
0.2153
1.4862
0.5034
1.4390
0.1329
0.7699
1.0218
0.1977
0.2595
0.3587
0.2992
0.0606
2.0162
0.1063
1.6409
0.6772
1.3139
2.1579
0.3084
0.5106
0.9103
0.3669
0.0164
0.0642
0.8273
5.2174
0.0420
0.1648
0.6518
0.7171
0.0341
1.3153
0.3450
4.2717
2.3624
0.4567
2.9148
0.7691
0.1714
0.7339
4.9001
0.2325
3.6407
1.8444
1.9081
0.8810
0.1124
0.7884
1.2440
0.1125
0.3800
0.9193
1.2140
0.8229
0.1083
0.0866
0.0124
1.1581
0.9050
0.8593
0.7960
2.7717
0.0422
1.4299
0.6483
0.0439
1.3751
1.7085
1.7714
0.0555
0.0449
0.5792
0.3211
0.3199
1.0872
0.7964
0.5391
1.0802
2.2693
0.8958
0.1400
0.8246
0.8923
1.6090
0.3804
0.1962
0.7535
4.2240
0.8990
2.9373
1.0447
1.7013
1.3339
2.3815
0.6530
3.5004
0.6781
1.1408
0.4322
0.3483
1.1378
1.5867
1.3657
0.9686
0.0352
3.5629
1.8368
1.8005
0.7659
0.3585
0.3707
1.2063
0.5888
0.8498
0.2115
1.2996
1.7078
3.0668
0.8478
0.0105
1.0613
2.0990
0.0000
0.0093
0.2620
0.7393
0.0574
1.9800
0.3156
1.6423
0.9337
0.7321
0.1035
0.8727
0.3314
4.5287
1.4160
6.0015
1.5655
0.0609
0.4952
0.1798
1.6980
0.1333
2.9606
2.3481
2.9806
3.1458
0.1565
0.8648
0.0968
0.2115
0.9942
1.0975
5.5685
1.0840
2.2335
3.1601
0.3340
0.4298
0.0998
0.0124
0.2163
0.7831
0.4078
0.8279
0.7211
0.3723
0.1157
0.5413
0.1908
0.4795
0.1963
0.0249
0.5053
0.5543
0.4307
5.5702
1.3418
2.3873
1.0183
0.4732
3.3291
3.4647
0.9211
1.3489
0.0181
0.8299
1.3448
1.0328
1.3417
0.9215
3.8684
0.5666
0.7780
6.3517
0.5831
0.6632
3.8472
1.1418
0.0422
0.5342
0.9697
0.1318
0.3730
0.7517
0.0898
0.7529
1.6515
0.4805
0.1274
0.6302
0.1805
0.7997
0.6994
0.7924
0.9256
0.6304
0.0050
0.1636
4.0069
0.1617
1.9770
1.1673
1.9203
0.0015
0.8242
1.1192
0.7360
1.3428
1.1572
3.0471
0.0868
1.0022
0.4040
0.6672
0.3767
1.3385
1.9550
1.0358
0.1719
0.3534
1.6287
0.9070
1.4790
1.1549
1.5194
0.3291
0.0481
0.8414
0.1982
2.1729
0.0603
1.3481
0.0752
0.9919
0.4030
3.9799
0.2454
2.3021
1.1242
0.3975
0.8395
0.7248
0.9636
0.3683
0.9455
0.3380
0.4380
0.1402
1.7231
0.4576
0.0034
2.4768
0.7356
1.2042
0.0005
0.8768
0.0789
1.5679
1.3357
0.0281
0.0745
0.2125
0.4440
0.7264
2.2421
0.6655
2.5337
1.3504
0.9388
0.2030
0.0118
0.0002
0.1945
2.0054
0.6067
0.0000
0.9204
1.2866
0.8121
0.5413
1.5578
0.2392
1.1115
2.9057
0.5145
4.0682
0.0691
0.5182
2.0414
0.6249
0.4347
0.5954
1.6163
0.5176
0.3185
0.7711
1.3295
0.2801
1.7575
0.9151
1.9917
2.0736
0.9345
4.9052
2.5249
0.0138
0.2025
0.0548
1.1950
0.3547
4.9288
1.0928
0.7761
2.5841
0.1414
0.0432
0.5139
1.8333
0.8889
1.6366
0.9795
0.5208
0.0027
0.7813
0.0000
0.1429
0.1573
0.0965
0.9359
0.5820
0.0219
0.2058
0.9739
0.7661
1.0372
0.1381
0.0778
4.5132
1.1508
0.5195
1.5309
0.0681
0.0524
0.0548
2.9551
0.3552
0.0187
1.6778
2.3714
0.0186
0.8380
0.6987
3.1420
0.1328
1.0626
0.1608
0.7592
0.1374
0.0551
1.0773
1.0885
1.6966
1.3050
0.3440
1.6460
0.7575
0.0516
0.4974
0.3420
0.4164
0.8759
0.3513
0.4034
3.5065
0.8279
0.1672
1.2846
3.2123
3.3248
0.0000
0.5338
1.0854
2.0173
0.8235
3.5759
2.9046
1.5196
0.8646
0.6825
2.4194
0.9330
0.0700
0.3940
0.0593
1.0642
4.3884
0.1183
1.0071
1.0666
0.4030
0.8151
2.8966
7.3084
0.5525
1.0478
0.0710
1.4612
3.0484
0.3929
1.0917
4.5787
0.9134
0.6272
0.9078
0.5575
0.2011
0.2391
1.0577
0.5378
2.5374
1.3407
0.1216
0.6710
0.5779
0.2869
0.3533
0.1747
0.0888
1.7286
1.6006
0.3435
2.5474
1.1544
0.3984
0.0706
0.0445
1.8989
1.8280
1.0306
1.3487
0.0893
1.1672
0.3293
3.0780
0.0666
0.7166
0.0431
3.6715
0.2447
1.7799
0.1729
0.3162
1.8374
1.0047
0.9907
0.2028
0.1753
0.0448
0.0007
0.4879
0.2850
0.6776
1.5838
0.2887
0.8568
1.6430
1.9061
0.4022
0.5368
1.1351
0.2732
0.0887
1.4953
0.0000
0.3886
0.7542
0.5906
0.0592
1.0547
3.7870
1.1163
2.0299
1.7192
0.8912
0.6795
1.0461
1.6149
0.0775
1.3728
0.6867
0.0161
0.1460
0.2935
0.8201
0.6634
0.8940
0.2756
1.4396
0.3119
1.4064
0.6937
0.6065
0.1060
