2.6139
0.2724
2.6648
0.1284
0.0000
1.8269
0.8961
1.3253
0.0386
5.2382
0.7406
4.4340
1.4827
0.5990
0.4223
1.0755
0.8343
0.4347
1.6489
0.0896
0.5764
1.0981
0.0713
0.1451
0.9106
0.9773
0.0508
1.4162
0.2262
0.4633
1.8746
1.1237
1.2062
0.7123
0.9505
0.7087
1.5371
0.2401
0.8741
0.9060
0.6383
0.3037
1.3011
0.3417
2.6865
1.1913
0.6966
0.9172
0.3011
0.0445
0.1343
0.0958
3.2143
0.0447
0.2072
1.0022
0.7274
0.3343
0.0074
0.1351
0.5625
0.8540
1.4583
3.5315
0.0942
0.7608
6.1617
1.4617
1.3404
1.4476
0.0386
2.3080
2.0991
2.4671
2.0738
0.0720
2.5452
1.0133
4.1939
0.0782
4.2813
2.4514
0.0051
0.0284
1.7177
0.0000
0.5425
2.1477
2.7359
0.8576
0.3833
1.9669
5.9243
3.0581
1.7901
1.5672
4.4758
1.9845
3.4749
0.0472
1.6721
0.6158
0.6630
0.6043
1.6939
3.9890
1.5452
0.4242
0.0754
0.5253
0.3959
2.3314
2.9921
0.6114
0.7728
0.4217
0.0300
1.0636
0.1329
1.5430
7.3420
0.1433
1.5195
0.0385
0.0135
0.1068
0.2337
0.1192
0.2395
1.7504
0.1790
0.3339
5.6252
0.1662
0.2967
2.4702
0.4628
0.4037
2.5506
0.5624
0.7003
0.2421
0.7788
0.2639
0.1453
0.3556
3.3162
1.3420
0.8872
1.1697
0.2935
2.9979
0.9692
1.5568
0.0715
0.5116
0.5047
0.5374
0.5033
0.9655
0.1306
1.0493
1.6736
0.0556
0.1489
0.6635
0.0169
0.4148
2.5220
1.6857
0.0530
0.4935
0.3155
0.9636
0.4472
0.7055
0.1175
0.2378
0.2406
0.0778
0.8782
0.1302
0.8498
0.8638
0.5384
0.8985
0.0000
0.5802
0.4903
0.8581
0.6248
0.8207
0.5920
0.0998
0.0381
0.2531
1.0005
0.2733
0.2665
0.4499
0.5331
0.5532
0.2235
0.1370
1.2468
0.0415
0.3057
0.2280
0.0660
1.8429
0.1014
0.4649
0.4637
0.5014
0.5050
0.0823
0.3901
0.3980
0.3774
0.3476
0.5434
0.5719
0.0192
0.3402
0.2523
0.1046
0.1273
0.1505
0.4079
0.3425
0.0026
0.0177
0.3588
0.3542
0.0513
0.9367
0.5933
0.2202
0.5009
0.0106
1.0032
0.0168
0.3305
0.3489
0.2103
0.2333
0.4793
0.0829
1.0274
0.3526
0.4223
0.0311
0.6576
0.0146
0.1722
0.3504
0.0993
0.1552
0.0925
1.4662
0.3454
0.5618
0.1929
0.5132
0.2895
0.2838
0.0188
0.3077
0.0365
0.0126
1.0514
0.1041
0.2492
0.1274
0.0589
0.1663
0.3205
0.7645
0.0965
0.2311
0.0785
0.2597
0.0869
0.0522
0.2023
1.0734
0.6224
0.0403
0.1781
0.6535
0.0290
0.1999
0.2915
0.4976
0.2750
0.1339
0.5326
0.0632
0.8254
0.6264
0.4686
0.0498
0.0246
0.3769
0.0868
0.0920
0.3711
0.6874
0.6702
0.0186
0.2965
0.1578
0.8561
0.1435
0.0832
0.5006
0.1014
0.2077
1.0938
0.3650
0.2513
0.6064
1.1404
0.0308
0.3175
0.2279
0.1927
0.0945
0.1692
0.0808
1.0890
0.0803
0.0468
0.4008
0.1047
0.2439
0.0191
0.1684
0.3775
0.0517
0.3456
0.0455
0.0674
0.2461
0.5812
0.2448
0.2572
0.1923
0.5169
0.2613
0.3062
0.0145
0.3000
0.0271
0.2908
0.5110
0.0185
0.0535
0.2776
0.0875
0.2401
0.0211
0.1113
0.0724
1.1445
1.4050
0.6010
0.1191
0.0065
0.3153
0.2218
0.3722
0.0569
0.1532
0.1571
0.1537
0.1700
0.4489
0.3687
0.0000
0.1977
0.1280
0.0462
0.2297
0.0874
0.0425
0.0315
0.5325
0.2699
0.0925
0.0299
0.1213
0.2844
0.4694
0.7388
0.0014
0.4923
0.5356
0.6220
0.1729
0.6532
0.1111
0.0739
0.8139
0.3600
0.0547
0.3298
0.5977
0.9556
0.7083
0.6196
0.3912
0.0571
0.2018
0.0014
1.3052
0.3612
0.0041
0.2624
0.7819
0.1733
0.3677
0.0183
0.0160
0.1595
0.2911
0.5042
0.0351
0.1194
0.5181
0.1225
0.4610
0.0982
0.0685
0.1970
0.6638
0.1016
0.2644
0.8245
0.3618
0.1962
0.9137
0.2056
0.1418
0.3785
0.2963
0.0142
0.3257
0.1025
0.0889
0.3081
0.3228
0.0891
0.7951
0.0400
0.1507
0.7915
0.1052
0.0755
0.2407
0.4242
0.0047
1.2634
0.0235
0.5045
0.0926
0.2973
0.1517
0.8612
0.2412
0.1861
0.1888
0.0567
0.8352
0.7305
0.7484
0.0684
0.1414
0.1473
0.7038
0.0199
0.2776
0.1104
0.3354
0.1658
0.2969
0.2203
0.1622
1.7171
0.2881
0.2527
0.7564
0.0059
0.1773
0.0086
0.1712
0.2022
0.1425
0.0685
0.4151
0.4273
0.3756
0.1667
0.4894
0.0029
0.2145
0.2601
0.4818
0.2654
0.0849
0.2289
0.3715
0.3505
0.1399
0.2999
0.2050
0.0578
0.0219
0.0910
0.0203
0.0567
0.2477
0.0982
0.1503
0.5691
0.2819
0.8350
0.1369
0.0668
0.0425
0.2043
0.1944
0.3619
0.4497
0.1352
0.3833
1.0002
0.4039
0.1679
0.0879
0.1371
0.0474
0.7157
0.4695
0.1592
0.1351
0.1301
0.2798
0.1670
0.1711
0.0855
0.7850
0.3774
0.1538
0.5216
0.2784
0.0509
0.3652
0.6750
0.0661
0.4244
0.4944
0.0428
0.2648
0.4701
0.1109
0.1310
0.1154
0.0637
0.2762
0.5231
0.2031
0.0194
0.2338
0.4239
0.0224
0.2682
0.2203
0.3025
0.0715
0.4175
0.2483
0.0997
0.0318
0.2133
0.3018
0.2348
0.7111
0.4164
0.1650
0.4667
0.0677
0.1535
0.0164
0.0338
0.2289
0.6812
0.0100
0.0796
0.0586
0.2065
0.3770
0.4773
0.1607
0.4235
0.4772
0.0151
0.8836
0.0703
0.8797
0.0065
0.2393
0.0331
0.1768
0.0984
0.4159
0.4310
0.0873
0.1610
0.2791
0.9009
0.0645
0.1054
1.1517
0.2970
0.0511
0.0134
0.2240
0.1216
0.1996
0.6348
0.6688
0.5693
0.5709
0.1611
0.2344
0.1674
0.1129
0.4367
0.0149
0.0155
0.8937
0.0922
0.1774
0.2006
0.1910
0.1577
0.1333
0.9141
0.0798
0.1548
0.1260
0.4739
0.1886
0.0275
0.0469
0.0551
0.0236
0.1667
0.0274
0.3087
0.2415
1.0459
0.1623
0.3962
0.0608
0.0107
0.3641
0.2799
0.0260
0.1201
0.1711
0.0103
0.0489
0.3435
0.1794
1.9043
0.0575
0.0873
0.8201
0.0792
0.0101
0.1495
0.1131
0.1670
1.5740
0.3258
0.4422
0.1399
0.1316
0.1573
0.9440
0.0176
0.0215
0.0491
1.1087
0.0729
0.1654
0.6243
0.5455
0.3192
0.1826
0.1879
0.2179
0.3614
0.0600
0.0868
0.1240
0.0844
0.3127
0.1129
0.1730
0.9040
0.0391
0.3350
0.0176
0.0155
0.6480
0.1305
0.4102
0.0026
0.8186
0.1219
0.2240
0.2924
0.0098
0.2166
0.2363
0.2577
0.0467
0.3527
0.3848
0.1368
0.0531
0.0602
0.0801
0.3038
0.7701
0.8183
0.1828
0.1224
0.0882
1.2505
0.2286
0.2955
0.4265
0.4769
0.0062
0.3406
0.5615
0.3085
0.0101
1.0480
0.0822
0.2472
0.2693
0.4750
0.3860
0.1720
0.0412
0.2969
0.8330
0.0190
0.2891
0.1419
0.1178
0.2766
0.0815
0.5074
0.1251
0.8353
0.1679
0.7531
0.4697
0.1574
0.1055
0.3098
0.1569
0.0641
0.1216
0.5038
1.4825
0.0569
0.1364
0.4420
0.9447
0.0552
0.1757
0.1801
0.3069
0.1517
0.4437
0.0846
0.2738
0.0935
0.1071
1.0586
0.5259
0.4140
0.0682
0.0161
0.0383
0.4715
0.0428
0.4843
0.8899
0.1204
0.5695
0.2523
0.0113
0.0428
0.0330
0.7940
0.0435
0.4645
0.0950
0.0631
0.0116
0.1249
0.9887
0.1305
0.0412
0.4303
1.3773
0.1574
0.2235
0.0495
0.2344
0.5366
0.0516
0.1552
0.2107
0.3005
0.7455
0.5418
0.2932
0.0206
0.3779
0.3874
0.0549
0.0644
0.0377
0.1046
0.0902
0.2683
0.2623
0.0167
0.0338
0.2041
0.0516
0.1266
0.1812
0.5982
0.1042
0.0535
0.2991
0.0866
0.0640
0.1282
0.2942
0.9646
0.1137
0.1564
0.1240
0.3070
0.0343
0.1462
0.1745
0.0152
0.3852
0.3160
0.0292
0.0200
0.1236
0.2090
0.0263
0.0728
0.9883
0.4378
0.5550
0.3919
0.0080
0.3969
0.0983
0.2112
0.3654
0.2093
0.2385
0.2450
0.5246
0.0089
0.0026
0.4594
0.5542
0.0863
0.0999
0.0014
0.2282
0.0996
0.4854
0.1302
0.0701
0.0167
0.0747
0.2805
0.0176
0.0930
0.4091
0.0999
0.0519
0.1639
0.0650
0.1165
1.0266
0.0375
0.4733
0.6026
0.4266
0.3070
0.0170
0.2552
0.2413
1.2840
0.5116
0.0335
0.0071
0.3642
0.0341
0.9212
0.6275
0.0539
0.7407
0.0134
0.2192
0.2251
0.0398
1.1711
0.0008
0.1663
0.4694
0.0053
0.2325
0.0251
0.1781
0.0104
0.0397
0.2045
0.3695
0.3096
0.0032
0.9783
0.8564
0.2011
0.3875
0.4036
0.7221
0.1874
0.3395
0.0819
0.1766
0.0410
0.0346
0.0074
0.3294
0.3510
0.0804
0.3766
0.0827
0.4346
0.4304
0.0523
0.2985
0.0735
0.6974
0.1436
0.4369
0.0050
0.0158
0.1956
0.0354
0.1245
0.5940
0.4480
0.0034
0.0017
0.1152
0.9981
0.0014
0.2732
0.1121
0.0685
0.3331
0.1836
0.4744
0.2305
0.3577
0.1767
0.0008
0.0254
0.1149
