6.8703
7.6296
1.6795
13.6049
0.0088
8.3005
4.1930
2.2546
1.3642
1.9309
2.0594
0.6323
0.0850
2.6805
1.3304
0.0823
2.8540
4.0473
2.5389
3.6150
2.6300
0.7540
2.9545
0.5315
1.2611
0.7238
2.0613
3.1709
0.3239
3.0825
0.3140
2.6541
0.1594
0.3042
0.0058
4.6938
0.5811
0.4313
2.6561
0.6342
0.8012
1.0179
10.2489
2.1001
0.5892
2.0305
6.9979
3.1601
1.4684
0.3022
0.1773
2.2505
1.0419
1.6106
0.0786
1.9968
1.0802
3.3499
0.7395
1.1519
0.7695
0.3860
0.0524
1.7202
0.0779
1.7251
5.1073
1.4110
2.5311
2.4847
0.3739
0.7029
0.0830
1.1629
0.8640
0.0984
0.9660
1.0220
9.3373
2.1126
0.0999
2.4893
5.8099
2.6381
0.7787
2.5243
2.4025
0.9486
1.6522
1.3786
0.5549
1.8384
0.9804
0.0471
5.3844
0.3717
0.6254
0.4112
1.9549
0.6052
0.9134
1.0502
0.1449
0.0902
0.9035
0.5206
0.5974
0.2428
0.0079
0.5992
1.4650
4.2250
3.2172
0.6496
0.1545
1.4483
2.0077
1.6734
1.2423
0.1761
0.0326
1.2820
0.1145
0.8139
0.2196
0.1935
1.6917
0.4752
0.8797
1.7024
1.1374
0.1672
1.2535
1.9961
0.1489
0.1507
1.6965
3.2465
0.4933
1.8259
0.2738
0.2974
0.0102
1.0507
0.0078
0.2920
0.8476
0.1240
1.5565
1.6926
2.3052
4.1262
2.6416
0.2398
0.0613
1.0666
0.4845
5.1108
0.3973
0.1551
0.4724
0.6654
3.3011
0.3983
0.4701
1.3349
0.1425
2.8224
3.8608
0.4050
2.1120
1.5866
1.6515
1.2799
3.6208
2.0789
1.4138
2.0602
3.1678
0.5125
0.1532
0.1333
2.5097
0.3393
0.1513
1.4192
0.2613
2.1103
1.7129
0.0024
0.3536
1.0938
0.9030
0.8143
0.1327
0.4053
1.5689
1.7023
1.1718
1.1687
0.3939
0.1166
1.7126
1.7586
2.3870
0.1646
3.3551
0.1033
0.4540
0.1192
0.9950
0.3033
0.0754
1.4981
0.3643
3.3186
0.2253
3.2703
0.0960
0.2147
1.3869
0.6545
0.4914
0.6052
0.4977
0.0861
0.8362
1.8276
0.1254
1.0732
0.0000
1.0484
0.3542
1.9289
1.1660
1.5903
0.7734
1.4445
0.0002
4.4312
0.1244
0.1145
0.9770
1.0056
0.2494
0.5733
0.1200
0.6742
6.3902
1.1537
0.3865
1.9225
1.1737
0.0652
3.3606
0.1270
0.4110
0.0000
0.1456
1.0160
1.3551
5.1330
1.7049
0.0338
0.5793
1.3500
0.2991
0.1355
1.7963
2.0389
0.5290
3.9463
2.1572
0.3717
0.1031
2.3992
0.3729
0.2164
2.9428
0.7317
2.3526
0.3710
0.6891
0.4911
1.4098
2.1391
1.2572
0.2394
1.9149
1.1949
1.8817
1.0706
4.3255
1.0517
4.6576
1.3245
1.0820
0.7738
0.3584
0.2275
0.1308
3.7754
0.0208
0.4295
1.1046
0.7711
0.3900
0.9858
0.5231
0.7623
3.0037
2.5197
0.7183
1.8763
1.3050
0.2267
3.5149
0.3600
3.3015
0.5940
1.4545
0.0421
0.7601
3.1929
0.5985
0.5860
0.4952
1.5836
0.7977
0.3612
1.0486
1.2710
0.1555
0.4774
1.2961
0.3927
0.7347
1.9215
0.2241
1.1860
2.0991
0.1469
1.4382
0.1546
0.9485
0.2799
0.2256
1.8227
2.7734
0.8094
0.3186
1.2775
0.8360
0.1499
0.0880
0.9962
0.5844
1.0451
2.1297
2.9828
0.7168
0.2155
1.4173
0.4462
0.0007
0.3940
0.0166
6.2293
0.9830
0.6128
1.8516
3.3173
1.0073
3.4951
0.3790
2.3601
0.2522
0.0012
0.5450
0.6948
0.0147
0.0986
3.8927
0.5342
0.1386
0.6532
1.3841
2.5804
2.5854
0.7401
1.1654
0.1943
1.5012
0.0137
0.6333
0.1644
0.8202
1.2382
0.0707
0.3509
0.1725
0.8826
2.5241
3.2591
0.1380
0.7861
1.3965
0.4912
1.2558
0.5850
0.6934
0.7409
0.2760
0.0454
1.2706
1.6637
0.0558
3.9330
1.3484
0.4856
0.0080
4.8519
0.7398
0.0142
0.8186
0.4218
0.8332
0.2264
0.6502
0.5650
4.7289
1.0058
1.5763
0.4345
0.9341
3.3044
0.0366
0.1325
0.0539
1.3049
0.2340
1.5185
1.7588
1.2503
1.0848
0.4384
1.0298
1.1967
0.8608
0.3097
2.4089
0.9557
1.5807
0.6825
0.2388
1.7326
1.3715
0.8356
0.7934
0.7342
0.4807
2.3889
0.8941
2.1301
1.8268
0.6844
0.4489
3.5124
0.2566
0.9821
1.7571
0.8605
0.0000
0.4739
6.2786
0.1597
0.9426
0.2222
0.4696
0.5386
1.2750
0.3227
0.7996
1.4536
0.7436
0.2820
1.1174
1.2130
0.2275
0.5652
0.0181
1.0534
0.1207
1.1086
1.1432
0.7043
0.2563
0.0534
0.2511
0.9845
3.8080
0.2476
1.3257
0.9318
1.2928
0.1624
0.0000
1.5527
1.0117
0.4177
1.6538
0.4634
2.3593
0.4865
0.3936
0.3202
0.1879
0.0283
1.4168
0.2844
0.8992
0.9688
0.8211
0.1916
2.1801
1.0483
0.3291
0.5254
0.4789
0.2620
1.7474
1.8538
0.0152
1.1187
0.5435
0.2073
0.3337
0.8130
0.6831
0.5838
0.3641
0.0114
4.1585
5.1783
0.0702
0.4053
0.7620
0.1781
0.1471
0.2796
0.9172
0.2104
0.9202
2.9137
0.8652
0.7152
0.6649
0.2331
2.6249
0.9474
0.8508
0.7129
1.8114
0.1443
0.4205
1.2488
0.1896
0.5120
1.6496
1.5918
0.1184
1.9799
0.3473
1.2327
0.3993
1.1310
1.2206
3.0750
0.5076
0.7389
0.4762
0.2433
0.4670
0.1861
3.0256
4.5921
1.7779
0.9303
0.0040
0.6495
0.7853
0.9156
0.3543
0.0994
3.6927
0.0353
0.0000
0.1509
0.4934
0.0248
0.6887
1.1884
0.7822
0.0749
0.0467
0.2682
1.0352
0.0693
1.0466
0.7433
0.3733
0.0001
0.5563
0.7937
0.6034
0.1309
0.1548
0.0366
0.0070
0.0791
0.7436
0.9308
0.1629
0.3465
0.7440
0.3289
0.0800
0.9775
0.0793
0.0065
4.6433
0.8304
0.3006
0.0937
0.1859
0.3451
0.9165
0.1800
0.4429
1.8009
0.3566
0.8511
0.5714
0.5763
0.9016
0.1277
0.0206
0.4957
0.9555
0.1981
0.2128
0.0703
0.3712
1.0444
0.5885
1.5433
2.1183
0.9743
0.0613
0.3026
0.5359
0.2908
0.9292
0.0210
0.0072
0.9518
1.0612
0.8938
2.8073
1.7374
1.0694
0.1954
1.2233
1.0985
0.9364
1.0894
0.5185
1.7906
0.1844
0.2189
0.2749
0.2067
0.0612
0.8332
2.9698
0.0899
1.8361
0.4729
1.4299
0.0566
0.4635
0.6480
0.3207
1.9569
0.3919
0.1024
0.0708
0.6991
1.7900
0.1855
3.5149
1.6557
0.9446
0.3210
0.1228
2.5777
1.1540
1.6014
1.8696
1.0685
0.1946
1.5281
0.1919
0.2501
0.4067
2.1133
1.5927
0.0674
0.4700
0.7376
1.4531
3.1683
0.1516
0.0033
0.7581
0.3614
0.0949
0.9110
0.0580
0.0073
1.0044
0.2842
0.4777
1.3579
0.4196
0.3259
0.7017
0.2595
0.0545
1.5603
0.6159
3.1870
0.2752
0.7991
0.6021
0.8501
0.6747
0.3502
0.9312
0.6559
1.1462
0.2033
2.8034
0.4576
0.0000
0.8014
0.5613
1.4897
2.7786
3.2618
2.1673
2.9855
0.0765
0.0191
0.0225
0.4312
1.4076
0.8462
1.8221
1.7178
0.7680
0.8803
0.3940
3.8989
0.3479
1.0709
2.4797
0.0409
1.1957
2.1361
0.1056
0.0752
1.3496
0.2517
0.0231
0.9716
0.6538
1.3139
1.3194
1.4432
0.1577
1.4990
0.1511
3.9282
0.6383
1.5804
0.3005
0.2081
0.3969
0.9105
0.2739
0.7699
1.0913
0.5288
0.3213
0.5733
0.0286
0.4520
0.7793
0.9833
0.1827
0.8209
0.1397
0.0011
2.2147
2.2986
0.9445
5.0401
0.2319
1.1219
1.6781
2.7593
1.6973
1.1657
0.3426
1.8893
0.2308
0.5906
0.3021
1.6796
1.0836
0.3261
0.5511
0.3155
1.0592
0.8143
1.7633
1.9384
0.6256
0.4377
2.8762
0.6725
2.2380
1.0430
0.5697
1.5592
0.0672
0.3230
0.6192
0.7541
1.5439
0.1553
0.7312
0.0497
1.7629
0.1401
3.1891
2.0357
0.2124
1.5334
0.4145
1.6745
0.9589
0.1420
1.4655
0.6928
0.9755
3.8998
0.8920
1.4608
3.8183
3.4972
1.0751
0.1761
4.2089
0.2966
0.2983
0.4676
3.6211
2.8923
0.4243
7.3937
1.2306
0.9326
1.0356
1.1445
1.2128
0.2680
0.2699
0.1340
0.6880
2.3113
0.0018
0.2610
1.7266
0.6166
4.0478
2.6089
2.1488
0.3524
0.8784
0.7954
0.7388
1.6925
1.9318
1.0892
1.0038
0.1793
1.7376
0.1161
0.7644
0.0225
0.3840
0.8672
0.5118
1.6834
0.0002
0.8981
0.1442
1.0056
1.0402
0.3000
1.2534
0.7336
0.5715
1.5461
0.1896
0.8132
0.2906
0.1878
1.6304
0.7212
2.0756
0.8715
3.2357
0.2692
4.4704
0.0616
0.0508
0.6807
0.2660
1.0050
2.9058
0.8855
0.7037
1.1559
0.3785
2.0306
1.0264
0.1441
1.3929
0.6245
1.7178
0.0000
0.0566
2.9315
0.1065
1.3895
1.3608
0.0828
0.8462
0.0063
0.2188
1.1626
0.8782
0.2043
1.2836
3.8348
0.1847
1.8995
1.2179
1.1673
1.0720
0.2949
0.4129
0.9028
0.3913
0.4978
2.8699
0.6001
0.0884
0.6055
0.0752
1.2028
1.2502
0.5866
0.3536
0.3070
1.6570
0.1228
3.5346
0.1182
0.2373
0.0504
0.4504
0.2196
0.2572
1.5700
0.0866
0.0064
