1.2543
3.4395
5.7421
2.5365
4.7868
2.4407
0.5432
4.4273
0.4901
2.8221
1.4507
1.0656
1.9608
3.4377
0.0018
2.2443
1.0871
1.3128
5.6456
1.1749
0.5751
1.4316
2.1435
0.2888
2.0488
2.4172
2.3038
1.1970
0.4509
0.1583
0.1136
0.7665
0.2525
3.4158
0.5043
0.4063
0.8101
1.1118
0.4830
0.5263
0.0006
1.0764
3.5582
0.3156
0.1343
0.7180
1.3387
3.4206
0.8739
1.6783
1.3609
2.0393
0.9904
0.6838
0.0109
3.2431
0.1099
0.6464
0.8979
0.4729
0.2957
1.8860
1.1217
0.0033
1.3519
0.9211
1.9545
0.0124
0.6329
0.0369
2.1776
1.5942
1.8966
0.4253
2.2621
1.1088
0.5772
0.6035
5.0699
0.2573
1.4577
2.1338
0.9811
0.1208
0.5542
0.3877
0.1766
1.1920
6.1240
1.9692
1.2834
0.7244
3.7635
1.4859
0.8565
0.4855
0.5805
0.5814
0.3229
0.2213
1.5719
0.6788
1.2495
0.4331
0.5399
0.0113
0.3668
0.2602
0.6045
1.5027
0.2985
0.8895
0.4457
1.4787
0.1901
0.0051
0.0014
2.5223
0.1448
0.7964
0.5019
1.5421
0.0454
1.0709
2.4850
0.8638
0.5914
1.0947
0.3895
2.9752
0.4599
0.9159
1.1616
1.4228
0.5173
8.4072
0.5843
0.3116
2.9129
2.1670
0.9060
0.9600
4.5787
2.5289
2.6835
4.1880
1.4140
0.1660
2.4791
0.8984
0.4560
1.2045
0.8274
3.5569
0.5177
1.9569
0.2095
1.4804
1.2781
0.5969
1.5994
1.3872
3.2746
2.8799
0.6097
1.3002
3.9026
0.5692
0.6085
1.1299
0.1811
3.1977
1.2865
0.5361
2.3112
2.8051
1.1226
0.0301
0.5787
1.1970
0.0460
0.1175
5.1875
0.0005
0.8604
1.5652
0.6514
1.4846
0.0368
2.6577
0.0450
0.1045
1.4289
0.2434
0.1640
0.1912
0.8374
0.5252
0.5412
0.0000
6.3514
1.8228
0.8513
0.9447
0.9543
1.3147
0.4521
4.6848
2.5809
0.0163
2.4311
2.5147
0.4107
0.5094
0.7105
4.4536
3.1809
2.8538
1.0691
0.0074
0.5508
0.0698
2.3922
0.4997
3.8792
0.2960
0.2841
1.2746
3.6193
0.7101
4.5149
4.8373
1.1196
0.3471
1.4115
0.0359
2.8367
4.2951
0.0538
3.9173
0.9708
0.8727
0.3997
0.3324
2.0903
4.8436
2.5472
1.0099
2.4393
1.1900
0.6769
2.2707
0.1907
0.6499
1.1932
1.0729
0.0518
1.8702
0.4239
0.0026
0.1487
2.5475
1.4285
1.9993
1.4257
0.0467
0.0000
0.0974
1.7203
0.1917
0.2765
0.0000
0.0013
0.0094
2.2360
0.0261
0.5112
1.9892
0.8186
4.9991
0.6792
1.1924
1.2481
3.6086
2.0088
0.0129
0.5417
0.8541
1.9679
0.0764
0.0380
0.8545
0.9280
0.2055
3.0510
0.3533
0.2249
1.7158
0.6262
1.5253
1.9473
1.7193
0.9671
3.5134
0.2236
4.1151
0.3868
1.7237
2.7394
0.4748
0.5452
0.7171
0.5050
0.3696
0.0951
1.6111
0.1178
1.7876
2.9039
0.5997
0.9153
0.2641
3.1935
2.5627
0.1514
0.1451
0.8787
0.8424
0.8845
3.1449
1.4734
0.3128
0.3155
0.6780
0.0104
0.0992
0.2568
0.6474
5.1847
0.2327
1.4225
0.4271
0.7047
0.6235
3.0994
2.2480
0.0112
0.7822
1.7381
0.1176
0.0070
2.0832
1.9683
0.3913
4.6001
1.4185
1.1792
0.6983
0.3060
1.7172
0.2040
0.9071
0.9046
0.9181
0.0565
1.5619
0.9196
0.3518
4.7984
0.5185
0.0000
0.0198
0.4281
0.7490
1.9671
1.5166
0.4494
0.2159
1.2740
0.2271
0.5749
3.4669
4.1263
3.0582
1.6599
0.7839
0.3073
0.0130
0.3259
1.0027
0.2248
0.6193
1.0345
0.8184
0.9448
1.1472
3.1130
0.2076
0.8657
0.1663
0.4084
1.3348
0.7856
0.0004
0.4847
0.1945
1.2165
0.4346
0.0811
1.4813
0.5821
1.9060
0.6975
2.4839
1.9623
0.3500
0.0494
0.3131
1.6158
1.3098
0.0224
1.2708
2.9515
2.5826
0.3442
0.7879
0.2524
0.5290
1.0008
0.2757
0.0000
1.1828
0.7611
0.1853
0.3871
0.1298
1.0154
0.5565
0.4199
0.3233
1.8479
0.0932
0.0408
0.2347
0.0020
1.1235
1.7287
0.7016
2.5315
0.8544
2.5233
0.2437
0.5077
0.3388
0.1137
2.9264
0.1377
0.3056
1.9149
0.5112
0.4167
0.0315
0.2324
1.5399
0.3228
1.2483
0.7514
0.1585
1.8690
2.1383
2.0266
0.4692
0.7854
0.4318
2.1745
0.7144
3.4722
0.2364
0.0348
0.3310
0.3356
0.2299
0.1392
0.7514
0.0511
1.2393
7.8441
1.1759
0.6738
0.0386
0.0526
0.0610
1.1918
3.0697
1.4707
0.7011
0.0477
0.3779
2.4884
0.0627
1.1306
0.9613
0.0018
0.4551
0.1797
0.6371
0.8911
0.3084
2.6863
0.0000
0.8523
1.3002
0.6539
1.8278
0.1244
0.1665
0.1132
2.7053
0.6696
0.5660
2.9536
1.8771
0.9445
0.3192
2.9489
0.3946
1.1861
0.1067
0.2423
1.2749
1.6405
1.2204
0.3228
0.8924
2.0016
1.2197
2.7005
1.7561
0.9159
1.8889
0.0066
0.8199
3.0114
0.5240
1.1608
0.0000
0.3057
0.3207
2.2932
1.3131
0.6691
1.4636
0.0000
0.1117
0.8417
2.3850
0.0111
1.8972
1.0154
2.6991
0.0026
1.8509
0.9681
0.4363
1.4179
3.8796
1.1132
1.6384
0.6395
0.0223
1.4847
1.1957
2.1290
0.3350
1.2878
0.0204
0.7199
0.5409
3.0717
0.8583
0.2680
1.9612
2.2217
0.1753
2.4372
0.7396
1.1072
1.7507
2.0544
0.3838
0.5823
0.6027
1.7240
3.0528
1.4193
1.2984
1.9970
0.6178
1.6071
0.0685
0.0382
5.3346
0.0995
0.2986
0.9993
1.2054
1.4613
0.3640
0.0055
0.7481
0.8665
0.1970
0.7875
1.7971
0.0406
0.7723
0.1777
0.7280
0.0164
0.4306
0.1149
0.7976
0.8458
3.1769
2.0584
0.5087
0.0263
1.0813
1.0045
0.0015
0.0352
0.6384
0.0295
1.5001
5.1156
2.1516
0.6024
1.4366
2.3989
0.6693
0.2378
2.2041
0.9756
0.4382
3.4010
0.0000
0.9182
0.3716
0.7240
2.3171
0.5491
0.9792
3.1276
1.2011
0.9953
1.3329
0.3845
2.0180
0.0000
0.5427
0.6267
5.8764
3.2095
0.1429
2.4052
0.7348
2.4036
4.8574
1.3984
0.3485
3.6025
0.8166
1.2351
0.0810
1.4002
3.6553
1.0141
0.8949
0.1306
1.1998
0.2267
0.5836
0.4580
0.2483
0.0354
0.4830
1.0590
2.9017
1.7458
1.3646
0.8294
0.8231
0.0028
3.2777
0.5411
0.6015
1.6301
1.8150
0.6234
0.0536
1.3115
0.1053
0.2802
1.4950
0.1798
0.0471
0.6931
0.0056
1.1332
0.0146
0.0417
0.9708
0.1766
1.5277
2.3478
0.1211
0.0231
3.0866
0.1334
2.3956
0.0012
0.1739
1.8693
0.5858
0.4882
1.2972
0.0031
0.5569
0.7191
0.5849
0.3144
0.0000
0.4140
0.3150
1.2032
0.9001
1.3028
0.0408
0.5702
0.2208
0.6170
0.5380
1.2202
0.9161
1.6926
0.1316
0.6610
0.1211
3.1184
0.7902
1.1485
0.0372
1.1094
2.9521
0.2002
0.7110
2.2688
1.8110
0.4803
0.0665
0.1159
1.7068
1.4434
0.7589
0.2465
0.0502
2.0442
0.5312
0.5639
0.0501
0.4481
0.0588
0.0855
0.8546
0.2551
0.3766
0.4440
1.4600
1.2647
1.0667
2.3549
2.2882
0.0090
0.6098
0.5704
1.9023
0.8262
0.9102
1.3845
2.7498
0.5406
1.2218
0.8130
0.8068
0.4002
0.0101
0.0055
0.1119
0.7010
0.0016
1.8848
1.0165
0.4104
1.4328
2.9048
1.3836
3.0959
7.0799
0.2970
1.0291
1.0187
0.6136
0.7785
0.2327
0.6585
0.0183
1.7487
2.9813
0.4176
1.1185
0.0746
0.7721
2.9383
1.2988
0.6034
0.4666
0.3598
0.1766
3.9369
0.7635
0.4621
9.9660
0.0014
0.2351
0.8557
0.7373
1.0263
1.8705
0.2408
1.0746
0.0912
0.1521
0.2792
2.2119
0.8786
2.7963
1.3714
0.3901
1.9791
1.9666
0.7754
1.0160
3.8677
0.1187
3.1711
1.2894
0.9001
0.0033
1.6619
0.1660
0.0538
3.9868
1.2047
2.3755
0.9457
0.3790
0.4400
0.0132
0.0000
0.7555
1.6985
0.1773
0.7005
0.0367
1.9841
0.2433
1.5473
0.3315
2.0061
2.9234
1.0676
0.9557
0.2522
0.0588
0.4720
0.0131
0.1039
1.4437
1.2329
1.4140
0.5711
5.9327
2.7643
3.2855
0.0751
0.5062
2.5880
1.1843
1.0282
0.6998
0.2202
0.1564
2.2173
0.0466
1.6692
2.1939
3.7252
0.6344
0.0136
0.1473
0.3963
0.5522
1.3749
0.0259
1.9593
0.5547
0.0501
1.3544
1.6457
0.1877
1.0454
3.5092
0.5895
0.9002
0.2204
0.5361
0.2941
2.8587
0.9691
0.1935
0.5580
0.2119
0.0170
0.4631
2.1350
0.1604
5.3672
2.0106
0.3379
0.7397
3.1046
0.2622
1.2211
0.9471
0.5599
1.9452
0.1589
0.1649
2.8146
2.9647
0.5207
0.2115
0.0008
0.8228
1.5259
2.9940
1.5597
1.8479
2.8042
0.6864
3.2902
2.8841
0.5393
0.8865
1.3325
0.3619
0.3075
2.9987
0.2250
0.1182
5.9515
0.0737
0.7839
0.6645
2.1760
0.3241
1.1206
0.7202
0.8592
1.1635
0.2664
0.5010
0.8188
0.1680
1.1198
0.6067
0.2717
0.1706
0.7863
1.2420
2.5897
1.9748
0.5353
0.0619
0.0870
0.7013
0.2981
0.2596
1.9472
0.7520
