0.4601
0.8007
7.1988
0.5570
0.6461
0.0035
2.1102
3.6359
1.3726
2.5103
0.8457
2.0953
4.0293
0.4028
0.3658
1.3566
1.6538
2.4039
0.9831
0.1424
0.8823
0.5944
1.4275
0.8375
3.5633
1.9942
2.6435
0.6213
2.1982
1.3974
4.8675
1.1807
1.6718
1.0344
7.0797
0.8007
1.6484
0.1601
1.3252
0.3446
2.5260
0.1719
1.2334
3.7535
1.8679
0.1283
1.0203
0.9262
3.2969
1.9243
2.1137
5.5501
3.0755
1.3978
1.2181
0.4255
0.1754
1.0916
0.2169
1.2188
4.8948
1.5755
2.3640
6.7840
1.2474
0.7692
3.5521
0.4493
1.9648
0.4038
0.1382
1.3732
1.5143
0.7231
2.6895
1.3695
0.8431
0.2843
0.6790
0.1710
1.4957
7.5986
2.5452
1.8394
0.7762
0.8102
5.5460
0.6219
0.9030
0.2249
1.3563
1.0031
0.0007
0.1646
0.0025
0.5093
0.1772
1.2081
0.9061
1.0118
0.9970
1.2735
1.1917
2.8040
2.2639
0.7406
1.9689
0.7155
0.8195
1.7925
0.4987
0.5392
2.2035
1.0078
0.3668
2.5229
2.5811
1.2025
0.4489
1.2938
0.5646
2.7209
3.9572
0.1527
1.5389
0.4953
2.5974
8.1999
0.5582
0.3940
0.4756
0.7093
0.6268
0.2672
0.7568
0.0953
1.9690
4.4116
0.2777
2.4440
4.8023
1.1857
1.2213
0.6192
4.7327
0.5327
1.1535
0.8753
0.2434
1.4792
1.0852
1.8691
0.1637
2.8349
0.0075
0.2162
0.3783
1.8149
0.8746
0.3522
0.1626
0.2998
0.3472
0.5162
2.4905
2.2816
0.1722
2.4698
0.7432
0.3809
6.6768
0.4158
1.2788
3.4804
0.1833
3.5390
0.0603
0.9766
0.3213
1.1199
2.9632
0.4302
0.0258
1.7886
0.7006
1.1709
2.0230
1.1919
0.0351
0.4457
3.3429
0.4728
1.0354
0.6200
0.0408
2.1421
0.9795
2.8210
4.0369
1.2174
1.1721
1.8360
0.0385
1.0057
1.0738
0.7631
0.0001
2.8183
1.3775
3.3807
0.4913
1.3530
0.0541
1.2831
2.2397
2.5761
2.0999
0.6721
0.0400
1.4780
2.2550
0.1544
0.5797
1.2323
3.2242
4.7207
0.1629
1.2032
2.1151
4.9181
3.8460
0.3189
0.1168
2.0471
0.2614
0.2431
0.8845
1.6460
1.7323
0.7358
0.8858
1.5250
0.5701
1.3945
1.2547
1.0807
0.1886
1.0328
0.0101
1.0730
0.0239
0.0728
0.3846
0.2101
1.8987
1.1258
2.3263
1.3847
0.0159
0.0096
1.3816
0.6060
0.9466
1.5186
0.1260
0.1916
1.2259
0.7561
0.8791
0.1349
4.5792
0.8633
1.0725
2.4206
2.6549
4.6059
0.9252
1.8973
0.5566
2.2392
0.5478
0.7846
0.5598
0.0648
2.3703
1.8464
0.5431
1.3653
0.0582
0.6408
0.1252
1.9963
1.0825
3.1092
2.5499
1.6615
5.4473
2.2630
0.5839
0.7064
0.4063
1.2752
0.5481
4.3490
9.9873
0.0688
0.4501
0.9354
0.8709
0.5120
2.2678
1.2923
2.7243
0.0316
2.3031
1.4682
2.0252
0.2251
0.5122
0.6523
1.2837
0.0672
0.7245
3.7779
2.8080
0.2812
4.3023
0.4379
4.9598
5.7050
1.0305
2.2085
1.0165
5.2115
1.4725
1.4914
0.5646
0.0021
0.2213
4.5347
0.6157
0.0676
0.2946
0.9824
2.5381
1.5727
0.0000
0.6791
1.7321
4.5803
1.5100
0.0043
0.0633
1.0531
2.3895
0.7321
1.5437
1.5253
0.4655
2.7385
0.1308
1.9552
1.4279
2.4115
0.4537
0.0612
4.4368
0.2704
1.0809
1.2108
0.6374
0.6822
0.0000
0.1780
1.5385
2.6187
2.5186
0.9065
0.2046
2.4909
0.8545
2.1730
1.5866
0.6752
0.1822
1.7950
0.7505
1.0737
2.4740
1.2142
0.5717
3.1252
0.4751
0.4181
3.5813
1.5369
0.1209
1.1385
0.2747
2.1277
0.1713
0.4160
1.5102
1.1494
2.1006
0.3877
1.9602
1.9586
2.6351
1.1190
0.8876
0.6844
4.3145
0.0759
0.1774
1.1529
0.3224
0.7538
0.6022
3.6727
2.6153
6.7483
0.9524
2.2267
0.2432
0.6645
5.9218
1.4153
0.6792
0.0104
0.4289
1.2291
1.7815
3.1181
0.3767
2.0512
0.1172
0.4515
1.9449
0.1231
0.6863
0.2323
0.1593
0.9465
0.7703
0.2141
3.3794
0.1105
1.0408
1.9212
1.1601
3.4869
1.5458
0.2604
0.5630
1.2995
1.2375
2.5230
0.0028
1.2109
1.7310
2.5933
3.2154
0.1952
0.4863
1.3239
0.1839
0.6803
0.0693
0.4431
1.4346
0.1523
1.4447
0.2790
0.0225
0.4260
0.9842
1.6657
0.7777
1.0667
1.2459
0.2393
0.1655
0.0529
0.6375
0.8203
0.1148
0.4577
4.4081
0.2490
0.2938
0.6704
1.7460
3.2834
0.0891
2.7275
0.3221
0.2956
0.1970
0.6263
1.0558
7.4824
0.0450
0.9180
0.0674
0.9117
0.0636
0.5575
0.9403
3.1572
0.1491
3.6522
1.7277
1.6183
7.0412
2.3683
0.2953
0.2902
0.1556
5.5789
0.8942
1.6271
0.5642
2.8015
0.0558
0.4394
2.6022
1.7344
0.4928
4.8669
1.9760
0.0902
0.5543
0.0197
0.0000
0.5187
2.0913
0.2700
0.7881
3.4090
0.7042
6.7363
0.2650
3.0700
0.8872
2.3427
1.5065
0.3010
0.4457
0.9066
1.3068
1.0027
0.8539
0.0529
1.4963
0.7760
1.6226
5.0454
0.9842
0.6875
1.8094
0.2355
0.2475
0.0926
0.1812
0.3010
3.5396
2.4325
3.4754
0.4984
4.3057
0.9021
0.1302
0.0820
0.9016
0.3257
0.1428
0.1217
2.5035
1.3244
1.8378
0.7360
1.7035
2.7208
1.2873
0.4461
0.8826
0.1481
1.3976
0.0267
1.0739
0.7556
0.0000
0.3920
1.2127
0.0609
0.3933
0.6699
0.3837
2.3471
1.3131
1.1324
0.1869
2.0202
1.8338
2.4282
0.0038
0.9716
0.5529
2.1651
1.7457
3.6366
0.7275
1.5968
1.2798
1.0770
0.9032
0.1067
1.0061
0.2108
0.3931
0.0121
0.1398
1.8857
0.7183
0.0515
0.8157
1.8809
0.6775
0.0722
0.0213
0.3153
1.0860
4.4223
0.1797
3.3085
0.0351
0.0479
0.4710
0.1470
4.3089
1.3700
1.3182
3.1846
0.4793
0.2225
1.3026
0.2364
1.3282
0.3709
1.9925
0.3641
1.1383
0.5016
0.0338
0.9765
2.1063
0.9453
0.5666
3.1666
2.1517
0.9230
0.9634
2.7068
1.3585
0.4682
1.1751
1.7541
0.3530
0.0971
0.1540
0.4495
1.1088
0.4293
0.3127
0.1336
0.3983
0.2523
1.0949
1.5563
2.3294
0.0674
0.2220
3.4208
1.3279
0.1336
0.6313
0.3054
0.2185
1.7193
0.2036
0.5121
2.3184
2.1755
1.3361
2.2710
2.1882
1.0896
0.5438
5.3850
1.2750
1.6609
0.7942
0.3054
0.0618
1.8796
5.6020
2.1597
0.6121
0.7760
0.5663
2.2016
0.7223
2.0873
0.5872
1.8105
0.5270
1.7087
3.4592
1.9624
0.0063
0.1543
0.6898
0.8316
1.2759
0.6545
1.3971
0.0838
1.8114
0.1262
3.3421
1.2716
1.3282
0.8441
1.2725
1.7639
0.6045
0.6421
0.1090
0.0718
2.8147
0.1339
0.4985
1.1791
1.0292
2.4671
2.2303
3.1661
0.2230
0.1958
0.4707
0.5158
0.6080
1.2114
0.2630
0.6419
1.8913
0.7676
1.7188
5.4552
2.3674
1.0726
0.0902
0.3934
1.0484
0.8408
0.1117
0.2145
3.5380
0.2372
0.5195
0.0931
0.5220
3.2843
0.0480
0.2638
1.9033
0.4832
0.1057
1.0272
1.5938
0.1009
0.8462
4.7107
0.9431
0.1808
0.2686
1.2024
1.4597
0.3160
0.2116
2.4202
1.3172
1.4990
0.5396
1.5660
5.1842
1.8024
0.8611
0.5416
0.1571
0.0851
1.2753
1.0564
0.5636
1.8475
1.2883
2.5892
1.5556
0.8349
0.0523
0.1580
1.5750
0.7974
0.0460
1.4110
0.0011
1.0908
1.7849
0.0834
3.5891
0.3448
0.4144
0.8040
1.0184
3.5841
0.7156
0.8235
0.8506
3.3336
0.4259
0.4352
2.4292
2.2215
0.3804
5.6989
0.3364
0.7528
0.2112
1.0335
2.7214
2.0211
0.7611
2.6796
0.4914
0.0817
0.5744
1.2718
0.9395
0.0694
0.1106
1.9762
0.1822
5.5579
0.0054
0.0917
3.8930
0.4801
0.1239
1.1559
4.0780
3.4221
0.3312
0.5388
0.2430
0.4737
2.2730
0.1822
0.0423
2.8334
1.2691
1.0380
1.2183
0.2676
0.8229
0.2729
1.8908
0.9530
0.7117
0.6702
0.3510
0.9325
1.6756
2.4705
1.3008
0.5146
1.5961
0.0009
1.3394
2.1206
1.7735
1.4080
0.2669
2.2340
0.1220
1.1262
0.8467
3.0287
0.7526
0.8373
0.0000
0.5949
5.5338
0.1697
0.6478
2.9215
0.1383
2.7898
3.8685
1.3138
0.7807
0.7499
0.1270
2.0958
0.0000
2.0397
0.3331
1.6381
0.1677
0.0019
2.0358
0.3014
2.2008
1.1718
6.1590
1.5892
1.5761
1.3970
0.5172
0.5143
3.3599
0.4400
1.4463
1.0158
0.5539
0.4628
5.5827
0.4012
1.5962
2.4338
0.6048
1.0814
0.0923
0.9146
0.7191
0.1551
2.5223
0.6412
0.2337
1.1234
1.0998
0.6777
1.4434
0.5150
0.4185
0.5459
3.0413
1.3753
0.6770
0.9550
1.9984
1.1172
1.1716
1.1267
2.7618
0.1626
0.2532
3.1882
0.8715
0.0132
0.5418
1.1914
1.8374
3.1099
0.3695
0.5351
0.1115
0.7822
0.9912
0.0155
0.8156
2.5046
0.0941
5.9559
0.4555
0.6716
2.1871
0.2995
0.2689
0.5532
0.3337
1.4883
0.1915
0.2540
0.9266
0.4315
0.3466
0.1644
1.1082
0.7588
