11.0223
7.0893
3.0743
6.0194
2.1761
0.4855
2.0204
11.1909
1.3192
1.0774
0.0060
1.3046
1.2523
2.8229
2.2262
3.5531
1.3272
4.3195
8.5372
1.5928
3.0879
0.8589
0.0568
6.1814
0.0207
0.8200
3.6340
3.0558
4.2063
1.0379
2.0297
6.5654
0.1267
0.1557
1.6650
0.4351
1.5827
4.6923
6.3172
5.2503
0.0613
5.2507
0.0472
1.9250
2.4086
1.4445
1.7739
0.5754
0.8359
1.2901
1.0002
3.6603
8.2029
0.4914
1.2945
3.6381
0.9342
2.7078
0.4420
1.0119
1.8656
2.6238
0.6150
0.7579
0.3874
1.8366
0.2392
0.0087
2.4193
1.9192
0.5213
1.2025
3.3518
2.6777
0.9827
1.5250
2.3663
0.7389
1.7500
0.0563
3.2339
1.3628
2.4403
0.3335
0.4111
0.1975
0.9512
2.7482
0.3748
0.5285
0.5762
2.1228
0.0420
0.0229
2.7079
5.0031
1.0671
3.4167
6.6271
2.4840
0.7607
0.5938
0.5528
0.3346
2.6901
4.2548
0.9809
6.0037
4.6945
0.4574
1.9574
2.3766
5.8939
5.0847
0.7052
0.0431
0.3487
7.2211
2.8101
0.1974
0.8800
2.0328
3.3495
0.6074
14.0139
3.9115
2.7366
4.6952
0.8795
0.1855
0.3683
0.0223
2.8797
0.9508
0.2012
8.6765
0.4730
1.0134
1.0681
3.1015
0.3690
1.8693
2.6616
2.0722
0.1038
0.2264
0.4387
1.9388
2.6084
0.1329
1.9726
0.3984
3.1511
2.1169
2.8009
0.3805
1.1131
0.3784
1.0459
0.4531
0.8848
0.6512
0.2870
0.1361
1.1209
3.3310
0.9333
1.4817
2.2118
1.3467
0.3987
2.3952
1.3235
0.0025
0.8654
0.4146
3.7872
1.4044
2.0755
0.1324
1.6746
1.1665
4.0860
0.7181
0.7562
3.3284
4.3983
0.0656
2.9614
1.2416
0.6439
1.7446
0.8250
2.2642
0.3029
0.1480
0.8134
0.4245
0.1682
0.7220
0.1300
1.6753
4.4902
0.0323
3.4442
1.8977
6.7292
9.6218
0.7659
1.2732
0.5852
1.7097
0.2465
0.8383
0.4532
2.0166
3.0365
0.4513
0.3195
1.1919
7.6784
7.7578
1.5506
2.6449
0.9943
1.1342
1.7073
0.4039
3.2898
4.4961
1.3753
0.0349
4.3201
2.9071
6.6781
5.4247
0.5765
0.4253
1.6811
1.9794
0.2473
0.6058
1.2253
0.6376
1.0748
0.7095
2.7450
2.8937
1.1527
1.6588
0.7700
3.4316
0.2766
0.1231
0.4962
0.6422
0.0647
0.0308
2.8069
2.8357
4.4881
1.0897
0.7380
0.1783
6.8106
0.9411
2.3673
0.0847
0.0749
4.0983
3.3290
0.4633
1.4731
1.0948
0.8503
0.4453
0.0592
3.2354
0.8097
0.9948
1.7049
1.7713
2.6496
4.5964
1.1379
0.3307
0.4715
8.7294
0.5975
0.2845
1.6083
0.6618
0.0000
0.9096
0.3720
0.3547
1.3692
1.7790
0.0225
1.5956
3.5633
1.5807
0.7949
2.7168
2.1508
0.2747
1.2115
0.1024
7.6869
0.8464
2.0634
3.4750
0.1162
0.0065
0.0000
0.0966
2.9233
4.8251
1.0427
0.1516
0.2706
2.2895
4.0857
0.0556
0.2694
1.0305
6.4672
1.9174
0.5910
1.3191
1.0488
1.0257
1.0901
0.0018
0.1070
3.1620
4.3058
1.1163
1.9563
4.7959
0.5259
5.5306
3.2899
1.0394
0.0039
1.7867
1.0113
0.0400
3.8603
2.6559
1.8161
1.0207
2.8184
0.0555
10.7460
5.5005
0.5130
5.9726
0.6409
0.5522
0.2700
3.5032
2.1278
1.5712
1.4657
0.1605
0.8847
9.2993
2.0730
0.1360
2.7371
1.3170
4.9320
2.6270
4.2640
0.2271
1.1884
0.7557
2.1091
0.2081
0.9569
1.5491
0.9254
0.6861
0.5291
1.0644
3.4642
0.2280
1.9687
0.1042
1.2588
1.5448
2.1524
3.9676
0.0689
0.3768
0.8689
1.8938
0.0045
0.6890
0.7801
0.3784
2.6041
1.2268
2.1424
2.6384
2.2454
0.8990
1.8411
0.2495
0.5741
3.3329
0.7245
0.4267
1.1050
0.0272
1.2070
0.6035
1.0552
2.4836
0.1747
2.4315
2.4661
0.6028
0.3584
2.3300
3.1107
0.6254
1.1881
0.9141
0.1159
0.5668
0.8527
0.9124
2.5291
0.1750
0.3547
2.0107
3.1488
0.1749
3.1544
1.8653
2.3837
0.8053
0.5270
1.7834
0.9785
2.6834
0.1642
0.0011
0.4772
1.6520
0.9977
1.1207
0.9382
0.3246
1.2348
0.2644
5.1422
0.8702
3.3474
0.1597
0.3505
0.2256
0.5498
1.0882
0.3820
0.8342
1.6351
0.2905
0.6242
1.0135
1.2644
3.2512
1.6513
1.3663
0.0782
4.8704
0.5661
0.1915
0.2227
0.1405
4.3827
2.2192
0.5702
0.9458
1.9801
3.2116
0.4468
2.8144
0.8899
0.3205
0.7466
0.5845
0.1875
1.6991
1.0782
0.0133
3.0455
0.9942
1.8897
1.6251
2.1105
1.7048
2.0771
0.8450
0.2502
1.4778
1.8884
0.2805
0.1510
2.4294
2.2156
0.5228
1.5329
0.4974
2.7604
2.5270
0.3152
3.7860
0.1191
0.9851
1.0735
1.8582
1.3446
2.2810
3.7557
0.1394
0.8656
0.4546
0.8707
1.8825
0.2251
3.8402
0.4984
1.3524
1.4643
3.4575
1.0754
1.1388
0.8812
0.8229
1.7788
0.3670
0.2929
2.4550
1.7859
3.4389
3.3764
0.4587
1.4884
5.8582
2.8169
0.1861
2.4685
2.9055
0.9362
0.9772
5.3998
2.3900
0.0242
0.1060
0.3711
0.7564
1.7924
0.9564
0.3823
1.7297
3.2536
0.0024
1.2120
3.5100
2.9275
9.1128
0.2341
2.5218
1.0568
0.2421
1.2751
2.9627
2.3107
0.7026
0.0160
0.0858
0.3254
0.3494
1.9042
0.5613
1.3331
0.3736
0.7794
0.0331
1.4962
3.4945
1.6578
1.7649
1.3008
0.0758
1.9796
0.5699
3.1648
0.8480
2.6191
1.3709
1.1188
4.6134
0.0056
2.2748
0.5812
1.8163
0.3561
2.1272
1.5049
1.0204
0.5745
2.9425
2.4133
0.4807
6.4177
0.0764
1.1699
0.4017
0.2878
1.3382
0.4976
0.3920
4.1902
0.0007
1.1603
0.8856
1.4186
2.7214
0.8114
1.3344
0.3941
0.5539
1.9870
1.5324
0.5072
1.5958
0.7450
0.2543
0.0778
5.4307
0.0250
0.5513
0.6001
2.8925
0.0306
0.8908
2.4697
4.9699
0.3362
1.1639
0.3918
0.9481
1.0332
0.9626
0.9528
0.2702
0.0017
0.0000
0.7415
3.4328
1.6268
2.4296
0.0024
0.7486
0.2361
2.2238
0.7364
3.9780
0.0000
0.3536
4.4272
2.4084
1.6773
1.1501
0.4380
0.2354
2.0029
0.0845
2.1734
0.3769
0.3219
0.1501
2.3704
0.0500
1.8187
3.2389
0.4915
0.9151
2.6816
0.1335
2.1113
1.9736
0.1290
1.2098
1.7742
0.3959
1.4921
0.0022
0.4427
2.0609
1.8307
1.0558
0.1426
1.5229
3.7461
0.5251
0.6306
0.3480
0.6151
0.2638
0.3678
0.0179
1.3004
0.2407
0.1161
0.0557
10.9095
0.1006
2.3402
5.0756
0.1675
0.4138
1.8262
2.0477
5.0521
2.6022
0.1831
3.1708
0.5134
0.2858
0.0772
0.6035
1.9374
0.1949
5.3756
1.2806
2.5068
1.0385
0.1397
1.4625
1.5299
0.0259
0.9050
1.3961
0.3063
3.1833
1.0657
1.5251
6.8385
0.1628
1.3745
1.9800
1.5740
0.9450
1.3994
0.0387
0.3910
0.0141
0.2398
2.1450
3.0482
0.2719
3.8852
2.9965
0.8880
3.1231
0.2696
0.2664
0.3175
1.9354
2.3672
0.1171
0.7809
0.3269
0.4387
0.4109
0.0339
0.3559
0.4363
0.2995
0.5775
0.3954
3.2761
1.2967
1.5827
2.7367
1.3508
1.4592
1.8660
1.1934
5.1837
0.5754
3.4709
0.0247
0.9656
0.2777
3.1698
3.6568
2.3783
3.0772
1.5805
3.9405
0.6517
0.8601
1.1051
5.1474
0.5851
0.9874
1.1763
2.2996
0.0257
1.8617
0.0630
0.1661
0.3754
0.9049
7.3814
0.2648
1.7688
0.1032
0.8339
1.5237
1.8680
1.1909
0.0000
0.2836
1.1521
0.8825
2.1335
1.5390
1.3968
0.7347
0.3193
0.5552
0.3981
0.6112
0.3081
1.4998
0.5009
0.3752
1.5865
0.2120
0.0233
3.4023
0.7532
3.0820
1.6850
2.6562
0.5212
0.3073
0.0324
0.8369
0.3856
3.9937
0.1176
0.4657
0.5455
0.8401
4.8619
3.2216
0.9537
0.4133
0.4932
1.1662
0.9066
0.7747
2.0485
0.6220
1.0722
2.9393
2.6698
1.9057
1.0432
0.0730
0.2956
0.1165
0.4260
0.3706
0.6346
2.9112
3.4179
0.6509
0.3398
0.2639
0.8986
2.2595
0.0438
3.4044
1.1464
0.3816
3.0472
0.8694
3.8234
0.1857
2.0645
0.1676
0.1435
3.6381
0.0485
1.7903
3.8252
1.5380
0.3746
1.8975
0.2089
0.4391
0.7891
1.1498
1.2609
1.2437
1.6952
0.5217
0.1182
0.1373
1.5369
0.4732
0.7645
1.5508
1.1602
1.1763
4.1270
3.1643
0.8731
1.2613
5.0143
0.2696
1.0572
3.2488
0.8280
0.7729
0.3585
1.4731
1.3186
1.0649
4.1815
5.9625
1.1356
1.5996
2.1227
2.4521
0.2403
5.9464
0.9065
0.6337
0.4297
3.4860
1.3327
1.9641
0.1671
3.5220
4.2645
0.0952
7.3889
0.0067
0.0339
0.5360
0.3896
0.7639
0.8104
0.2435
0.7690
2.4282
0.6940
1.4423
0.8484
1.3809
1.0787
0.0001
0.9229
6.2719
0.3462
0.0878
0.8154
0.2823
1.8553
1.3319
1.5839
0.8211
0.5164
3.1624
0.0567
3.1238
0.3297
6.8719
1.0156
1.2029
0.4786
0.3727
3.6814
0.1593
2.3656
0.5196
1.0412
0.8392
0.3169
1.0449
