12.8890
2.0445
1.5753
0.2607
3.6795
6.9419
0.4274
1.4475
6.3667
0.3492
1.7016
0.3045
0.8536
0.5564
0.3279
0.9015
0.7656
0.4136
0.1074
0.4221
0.2740
4.5244
0.7494
0.0857
1.4518
2.2222
1.5738
2.0552
0.4579
1.7424
1.2411
0.6883
0.3853
3.5882
1.3680
0.1546
3.5547
1.0537
3.2678
2.3813
1.6448
6.9044
4.5111
0.5925
3.5868
0.7529
3.0672
0.6094
6.0834
1.1765
0.3596
0.1447
0.0112
0.1010
1.8291
0.2548
0.7811
2.1255
3.5535
1.4459
1.5616
1.7134
0.4038
1.8727
0.5194
2.6937
0.3544
1.0093
1.9268
1.9794
6.6650
0.2707
4.7938
1.5383
1.5213
1.1222
1.2228
0.0884
2.5268
5.2135
4.6968
1.0966
5.4576
0.0465
0.0436
0.1912
2.2343
0.4823
2.1631
5.3648
1.6108
3.4418
0.1083
0.7662
0.4119
3.6284
2.6126
13.7856
6.9617
0.1818
0.7432
0.8191
3.6398
2.4000
0.7671
0.0413
0.1159
0.9014
0.1823
0.9625
1.6361
1.9111
2.3806
0.0059
0.9863
1.7435
1.9498
3.0938
2.2130
0.1536
0.9028
0.3842
1.6845
0.1958
3.5753
0.0514
1.1042
1.0575
0.2578
5.3487
0.5968
0.0743
2.6067
0.0799
1.4774
0.8778
0.0209
1.1896
0.0332
0.4068
3.1990
1.1010
0.6784
0.1723
1.5229
0.6575
0.9831
1.3866
0.4377
1.0801
0.6668
0.4490
1.1856
2.2288
1.0241
2.8182
4.3887
5.5019
0.0051
5.2391
0.0561
2.1558
1.7421
1.7310
0.6417
0.0275
2.7103
0.5276
1.7155
0.8191
1.4947
0.7051
0.5061
1.5559
2.6359
0.1798
0.7969
5.1520
0.8336
2.4552
0.7876
0.0279
1.7971
0.2875
0.2103
0.3198
1.2762
1.2160
0.3584
0.9171
0.5477
0.3419
4.1730
0.8142
0.2165
0.4359
0.8572
5.0237
2.2962
0.1117
0.2972
3.9354
2.7005
0.8684
0.6439
0.7724
0.1828
3.3762
0.2014
1.8893
2.8885
0.5784
0.2699
0.0300
1.8146
0.5277
0.3726
0.0908
0.3342
1.4110
0.7688
1.2274
1.7249
1.1952
0.1762
0.4337
0.2993
0.3271
0.4832
1.1390
4.3261
0.2013
0.0568
2.4047
2.0454
0.5476
0.2972
0.0077
0.7928
1.4435
1.7962
0.0016
1.3699
1.0493
3.2762
0.1104
0.1784
1.0013
0.1147
1.0064
0.1064
0.6369
4.2775
1.0161
3.1591
1.3069
0.5397
1.3476
0.7650
2.7874
2.7876
0.1320
0.3052
0.2891
0.2255
0.3411
0.8741
3.3884
0.1410
1.3870
0.2464
4.8533
1.1081
0.3011
1.2407
2.8210
0.0601
1.2718
1.0868
0.0744
1.0092
1.1041
2.0255
0.4523
5.0837
1.8091
1.0369
0.1782
0.2449
0.3642
0.0409
2.6220
0.6806
1.5007
0.0212
2.6328
0.1753
0.6155
0.3194
0.7582
0.0279
0.1390
0.4483
2.3891
0.1169
0.4463
1.2710
0.5228
2.0734
2.2482
4.2863
0.6097
0.6786
0.5532
2.3403
0.0034
0.6498
0.9567
0.0256
0.8238
1.0501
0.9193
1.2809
1.5171
0.9474
1.5390
0.2803
0.3152
0.4748
5.8558
1.5923
0.4748
1.3583
1.0447
0.3529
0.7999
0.4986
1.9209
2.2657
0.4239
1.6581
0.9899
0.8156
0.4774
1.4585
1.6445
8.6961
0.0157
0.0000
1.6491
0.8883
1.4237
3.9687
4.5107
0.3803
0.7561
0.0058
2.3995
0.7652
0.0863
0.2739
0.8887
1.2133
1.5349
1.5290
1.4394
5.1993
0.6294
0.8264
0.0463
0.9142
0.1663
0.0007
0.3067
2.4609
0.2338
0.3688
4.6592
1.1466
0.0473
0.9508
1.2109
1.8267
3.7189
0.2136
0.6671
0.7646
0.9451
0.6591
0.0819
0.8789
2.1478
0.3063
0.3220
1.7720
0.3316
0.1772
0.0456
0.7074
3.7794
0.8886
1.1081
0.0000
1.3163
0.4901
1.8612
1.9977
1.2569
0.9303
0.1717
0.3470
6.2788
0.9741
1.0470
0.6826
0.2850
0.9623
1.3164
0.6008
0.8344
0.0364
2.5265
3.9330
0.5687
0.4481
1.4331
0.9874
0.2484
2.7352
0.6427
1.7800
0.2417
0.2582
0.6136
0.3817
0.7673
0.7191
0.3588
0.0946
0.3146
2.1912
0.1179
0.5424
0.8254
0.0241
0.9226
2.3538
0.0009
1.0120
0.5387
3.3344
0.3918
1.5372
1.6704
1.6875
0.9542
1.2809
1.6711
1.6289
2.2684
0.0352
0.0434
1.5019
0.9764
1.8308
1.3558
0.6789
0.1711
0.0686
1.0796
2.5293
0.1286
0.3968
1.2442
3.2343
0.7566
3.1611
1.4584
0.0770
0.1209
1.4791
0.4722
2.0992
0.2187
2.0617
0.2336
0.5348
2.6618
0.1343
2.0868
0.3067
0.9306
0.2701
0.2060
0.6129
0.5707
0.0180
0.4527
2.3925
2.2739
1.2888
3.3187
0.2268
0.0620
0.9249
0.2940
0.8066
0.1563
0.4475
0.6345
3.4637
0.0991
0.7620
1.1713
0.9638
1.1898
0.2378
1.4681
4.3180
1.4855
1.0482
0.0550
0.5483
0.4667
0.0017
2.3358
1.2697
1.7175
0.8620
0.3557
0.3748
2.9666
0.3586
7.9205
3.2372
0.5460
0.2643
0.9616
0.0533
0.9799
2.3032
1.9875
3.4612
2.2365
0.4846
3.1255
1.1088
0.0315
0.4542
1.5084
1.2283
2.3429
1.0863
1.3925
0.0895
0.7197
0.4589
0.0940
1.3485
0.9103
0.8059
0.0377
0.4151
2.8863
1.8506
2.0675
0.1069
1.3837
0.7018
1.6647
5.2195
5.6698
1.4280
0.9494
3.3357
1.4234
0.0637
0.7785
1.0877
0.1653
0.4032
0.0006
0.9970
0.1057
1.8401
1.8938
2.1452
1.0675
0.1722
0.0604
0.1622
1.2480
0.0051
0.0683
0.8473
0.0221
0.1159
0.1033
1.4128
2.6286
0.4480
0.8051
0.1924
4.1531
0.0262
1.0634
1.7075
0.1499
1.7704
1.6482
0.0443
0.1470
0.8718
1.4904
2.0470
0.1041
1.3899
2.4799
0.1771
1.2422
0.0000
0.1811
6.0965
1.9266
0.7078
0.1488
0.1327
0.7614
0.0486
0.3003
4.0634
0.6268
3.5962
0.9217
3.0883
2.6816
2.7244
2.5413
0.5775
1.5873
2.4069
4.3095
0.2291
0.9429
0.8338
0.6456
0.6808
0.1391
4.5735
0.4191
0.0852
0.1513
0.0862
2.6608
0.0320
1.8655
0.8519
0.5533
0.9235
4.8358
0.0987
1.3835
1.7645
1.2877
1.9872
1.3989
0.8769
0.0131
1.7783
0.2080
2.8641
0.8480
1.5398
1.1464
0.7736
0.8052
1.3064
0.7301
0.6073
0.0270
2.7473
4.3556
2.3194
1.3517
0.5791
0.0429
2.0649
0.7466
1.9223
2.0583
1.2900
0.8683
0.1535
3.3177
6.7542
0.0024
1.2292
0.4965
0.9788
1.8482
1.3114
3.3762
0.0168
0.6253
0.2784
2.2824
1.0524
0.0433
0.6926
2.0619
4.0046
0.4087
2.2697
0.5823
0.0152
3.3541
3.3051
7.5087
0.7705
3.7052
1.0202
0.0585
0.5834
0.7834
1.2971
1.0180
0.7747
1.2597
0.5435
1.3038
0.0645
5.6839
0.1303
3.5319
0.7935
1.5218
0.8332
0.0674
0.6689
0.5345
0.7157
0.2240
0.1712
0.8846
1.0347
0.0854
0.4009
0.6555
2.4678
1.4082
0.2181
0.9931
2.0366
1.4531
0.4140
0.3182
0.1730
1.0344
0.2424
4.0024
4.3420
0.0759
0.9044
0.0627
0.1164
0.3867
2.1728
1.2116
0.3186
0.7896
1.5832
0.3932
0.0828
0.5978
2.7437
0.6699
0.0000
0.5509
6.0750
0.6898
1.6638
1.0772
3.7818
0.0844
0.1008
0.5631
2.1010
1.2221
0.1422
1.5699
0.3928
0.9306
0.2446
0.4569
0.2979
0.2206
1.4405
2.2700
0.5536
0.0366
4.8509
0.1661
3.4952
0.9207
2.4619
3.0677
1.1520
0.2899
0.2600
0.9465
1.1487
0.5401
0.2562
1.2579
0.8681
0.1749
0.6432
0.0485
2.4553
0.3998
4.7748
0.4160
0.3328
1.5005
3.5136
1.9025
0.0279
0.6417
0.5758
0.8616
0.8036
0.0004
0.3519
0.6470
1.1312
0.2613
1.2620
1.6759
0.7766
2.5073
0.4767
0.4449
1.0538
6.5033
1.0522
0.0585
0.2937
0.7456
1.1782
1.6661
4.7040
0.0043
0.2930
3.5014
1.8998
0.2124
0.2230
1.7902
0.9948
2.3582
2.2347
3.1161
2.6996
1.9253
2.9548
0.9422
0.0771
2.8131
0.8173
0.2975
0.5488
2.1705
1.5578
0.0688
0.0081
2.7885
0.2429
1.1671
2.0942
0.8223
0.0415
0.5784
0.9880
1.3742
0.8533
1.5968
4.2167
0.4023
1.6140
0.5328
1.3432
0.1562
0.1138
3.3257
3.5658
1.2361
0.6412
1.2012
2.6661
2.5815
2.2200
2.0526
1.4105
2.4235
0.6334
0.3797
0.8786
0.7747
1.1370
1.8871
0.6060
0.0093
2.4183
0.1506
1.0606
0.9202
1.4731
0.1151
0.4745
0.0960
0.6430
0.0324
0.2903
0.7954
1.2834
2.2511
0.0004
5.1281
4.7983
0.0116
0.1029
0.6167
0.3127
1.2775
2.7556
0.3501
1.8798
0.0040
3.1886
0.0939
0.0202
0.9253
0.1644
0.0243
1.2087
3.2633
2.1281
0.5752
0.8627
0.7354
2.9381
1.4776
4.6933
0.7756
3.9227
0.4901
1.8906
2.0367
2.0679
0.2010
0.7075
1.3245
4.4422
0.8775
1.9114
1.2991
1.3403
0.0095
3.0024
3.1315
2.0183
0.0157
0.7906
0.8459
0.0518
0.1259
0.3471
1.9897
1.1970
0.7515
0.2056
0.5032
0.3057
0.1048
1.8691
0.2878
4.1949
0.3663
1.1011
0.0527
2.8012
1.4380
0.4028
1.0377
2.7629
4.1035
0.4518
5.5113
0.4463
2.5231
