6.4186
0.0000
7.7864
4.4059
0.3522
9.0967
0.6355
3.3660
5.1741
0.1004
0.0345
5.9029
1.7690
11.1609
0.0115
1.1650
8.7835
1.6757
1.0481
2.2115
0.4245
0.0027
1.0117
2.4617
7.3299
3.3048
3.4741
1.5220
0.0885
0.7393
4.9878
2.0590
1.5346
7.9312
0.5998
1.6218
0.2777
3.8311
0.9407
4.0424
0.7892
0.6905
0.4691
1.7514
0.1650
0.0473
0.5735
0.8900
0.8541
0.3448
1.4773
1.4935
1.0282
0.6723
0.7382
7.3467
0.1690
2.2148
1.0157
1.5886
1.2127
1.3189
0.4850
0.0432
1.8814
0.0701
0.0255
1.3699
0.0000
4.7944
1.2566
0.6301
0.3857
2.4640
3.0717
1.2885
1.2506
2.4941
4.7027
0.0071
1.4066
0.1191
2.9625
0.0973
1.7269
0.4709
0.3360
3.0932
0.6390
0.5343
1.3296
1.6939
1.2328
0.1923
2.7372
0.0268
2.1835
1.1657
2.7797
1.4760
0.1769
3.8599
1.0873
2.0260
0.0521
0.5648
1.1592
0.2217
1.8138
0.3069
4.0286
0.0296
1.1298
1.8339
7.5431
3.8331
0.9712
2.2342
0.5868
3.0800
0.0697
0.7141
2.0887
1.1845
0.3285
0.1955
0.2711
4.3222
3.9876
1.0950
0.1964
1.6921
1.5670
0.4345
0.2113
0.4075
0.0946
0.0000
0.3846
2.3461
0.6546
0.0174
0.4781
2.3963
1.3678
0.4093
0.1824
0.0545
1.2442
0.3978
4.3602
0.1399
0.1702
4.4660
0.2669
3.1949
3.4186
5.5800
1.4519
1.3734
0.8554
1.9258
1.1313
2.2379
1.3996
0.1204
0.5797
0.0667
0.4496
8.9310
1.2487
1.0063
5.8147
1.0586
1.3651
0.9065
0.2009
3.9669
2.2696
3.2233
0.0048
2.2331
2.4403
0.6767
1.3446
1.7943
0.0169
1.1987
4.1721
6.4968
0.8584
0.0083
1.1095
0.9334
1.9303
0.0589
0.0611
1.7403
7.5350
3.5887
1.7928
2.0916
0.0944
0.6786
0.9072
4.2817
2.6319
3.6829
0.2114
0.0586
0.0345
2.7733
0.6146
0.2911
1.3836
0.5376
1.8986
0.6739
0.0003
1.9665
3.8210
0.5933
0.8595
4.7950
0.7668
0.0044
0.7953
2.3668
0.0261
0.1719
0.6030
0.6536
0.6195
2.0114
0.7129
0.1686
1.1609
4.0418
1.4163
0.4861
0.2486
2.1787
0.1310
0.3602
0.2651
0.1995
0.1897
3.4589
2.7720
0.0043
0.4449
2.2668
0.0373
0.3871
2.3399
0.1688
1.9793
1.7880
3.7771
1.1173
3.9954
1.0403
1.8906
1.6467
3.3897
0.5321
3.4951
2.8930
1.6994
1.6576
1.9176
0.3833
1.7544
1.3877
8.2619
0.7879
0.4876
6.3770
1.3696
2.4379
1.0793
0.1998
1.2760
0.0631
0.0007
0.6613
1.6788
1.5117
0.0378
0.1611
0.4263
1.3127
1.2909
0.3102
3.4294
1.0829
2.4030
0.6233
0.0166
1.1365
0.2489
4.1847
0.1149
0.6272
0.5368
0.2636
2.9871
6.5152
0.7363
0.9031
0.4228
1.2857
1.1282
1.9383
0.0412
0.2313
0.1031
0.0811
0.3194
2.3543
8.8334
4.0649
2.6127
0.2811
0.9048
0.3624
0.6976
0.4743
0.2277
1.1844
0.0000
0.1514
1.3191
1.2830
1.1624
0.4838
0.1772
4.5567
0.0005
1.0490
2.7282
4.2620
0.1434
2.4755
1.7604
2.3001
0.7676
0.8265
0.0422
1.4579
1.8108
1.1655
1.1441
1.5474
0.3582
1.0442
1.6972
0.9321
0.2000
1.3483
4.6882
0.1220
0.9143
1.7685
0.7124
0.2174
0.7466
0.0915
0.5629
1.7256
0.8580
0.7347
2.0967
1.1564
0.0000
4.2239
1.5249
0.8762
0.7537
0.7351
1.3201
1.8171
1.8113
2.7019
5.9467
5.1036
3.8397
0.1102
0.0612
0.2229
0.7136
0.4374
1.9126
1.3539
0.3620
0.3132
0.5732
1.7944
3.7586
6.4677
0.8314
6.4992
3.3775
0.9849
1.9729
1.7764
3.7183
0.2309
0.0036
2.9753
2.6351
0.1440
0.6539
1.1844
0.5315
0.5257
3.0433
0.0065
0.1387
0.1045
0.7870
0.4803
4.1649
0.4345
3.3856
0.2072
2.4957
0.1377
0.0001
3.7302
0.3334
2.9237
2.2632
0.3542
0.2366
2.9808
1.4031
0.4463
0.2970
1.6537
0.1779
2.4022
0.1071
0.9581
0.1424
0.7224
0.2148
0.0719
1.3278
0.3667
2.4884
0.7733
1.1245
0.1396
0.5423
1.4098
0.6559
0.5761
0.1246
1.0040
0.6594
0.1149
1.3473
0.2717
0.2913
0.4311
0.4574
1.3393
1.0913
1.2612
0.4551
1.8444
1.1398
1.7030
0.3141
1.3741
0.9212
0.7434
0.1212
0.3484
3.4806
0.0778
1.3645
0.4435
3.0553
2.1263
0.9838
1.1900
0.2091
3.3699
5.2210
0.1491
0.2966
0.1001
0.5240
0.3332
0.2717
0.5242
0.0454
0.2416
2.8150
0.2796
0.8264
0.4384
0.0672
3.2948
3.8843
1.7356
0.2721
0.6962
0.5768
0.0548
0.3460
2.4330
6.5282
0.8150
3.1788
0.0820
0.0145
2.4514
0.9244
2.1527
0.8999
0.4754
0.9098
1.0459
0.4556
3.8204
1.7581
0.1080
1.2173
0.8868
0.4115
0.2861
4.7883
0.0985
0.2201
2.3984
0.0647
2.9722
2.9881
1.4104
0.0643
0.6811
0.0833
0.0061
3.6794
1.2052
0.3661
1.7878
0.8152
0.0415
0.4549
0.0230
3.2982
0.7992
3.7276
2.3966
0.0630
3.1810
1.0065
4.2724
6.0439
0.2393
1.5367
2.7994
0.7196
0.7152
4.6730
3.8879
1.2007
1.7901
0.5813
0.3227
0.4204
1.2668
1.2998
0.1946
1.4585
0.4807
0.9755
1.4898
0.8360
0.6083
3.1239
4.2200
0.6054
0.8639
0.2280
0.4422
0.8940
0.1088
0.0600
0.0010
3.9993
1.9156
1.2203
0.0796
4.1968
0.1703
0.5841
1.2003
0.1722
2.6306
1.2521
0.3544
0.0046
1.2455
0.3535
0.8991
0.7766
1.6052
0.3309
0.9903
1.3913
3.5166
0.1811
1.3752
0.7547
0.8229
1.3133
1.1962
0.4869
2.9617
0.1918
0.4491
4.2295
0.5909
2.8196
0.9695
0.0822
0.2847
0.3455
1.4643
2.2153
1.7927
0.7276
0.9208
0.3520
0.9820
1.3926
1.9099
0.4163
0.7788
2.6503
0.9423
0.0158
1.3208
1.4228
1.2314
1.8999
0.2192
2.1449
0.7673
0.2966
0.3462
2.0723
0.0786
1.9846
1.2543
0.9365
0.0001
1.4724
0.2408
5.7011
0.2190
0.0642
4.0047
0.1804
0.7430
2.8156
1.4435
0.0851
2.8521
0.3872
0.8303
0.1129
1.0504
0.2539
3.1773
4.5433
1.1525
1.3679
1.5992
0.1318
1.8913
2.1940
1.2264
0.6907
0.3974
1.5881
1.3249
0.6113
0.2268
0.0454
1.8151
0.8414
0.4026
0.5044
2.2608
1.1547
0.4340
0.0003
1.7010
3.4463
0.5575
1.6443
2.3367
0.3885
2.2469
1.4851
1.2617
3.1381
4.6710
0.0531
0.0317
0.3610
0.2664
0.4551
0.9702
3.6726
0.5607
1.7309
6.0932
0.7191
1.5053
1.6925
1.4195
0.7261
0.6608
0.3517
1.3694
1.6778
0.0915
0.9106
0.3763
1.3355
0.1651
0.0067
0.9692
1.3775
0.9407
0.2298
3.9491
0.3920
2.9692
2.8043
0.1285
1.7782
1.1614
1.3848
1.4022
0.6631
1.1459
0.0356
0.6131
0.3454
1.3548
3.3580
0.5293
1.3850
0.3398
1.4360
0.9945
2.6363
1.8032
0.0316
0.3753
0.0643
1.6367
0.3195
0.0970
0.2732
0.0240
0.4146
2.5920
0.6698
0.3752
1.3392
0.1046
1.0427
0.0978
0.5506
0.1599
0.2195
1.5534
3.5859
0.2870
1.7054
1.8065
0.1468
0.6472
0.3027
1.0598
0.2389
0.7612
1.0783
0.5299
2.2865
2.4117
0.7345
2.9610
0.2279
1.8001
5.2985
0.7810
4.6848
0.3441
0.3864
2.4580
0.5251
0.2146
1.6007
0.3283
0.0406
1.4188
0.1336
2.6102
0.7866
0.8453
0.9885
1.4151
1.6097
0.6416
0.4538
0.3626
3.7329
0.1777
8.2330
0.5962
0.1862
2.9492
1.9637
0.2786
0.7862
0.1636
1.0591
0.5298
1.3753
0.1188
0.2682
0.6990
0.1405
1.4752
2.3719
0.2849
0.3801
1.2267
5.0192
1.3974
0.7094
1.4497
0.4319
1.0096
2.6286
0.7343
1.8589
1.4585
3.2930
0.2820
0.3295
3.1694
0.0092
1.0420
1.4103
0.0709
0.1785
0.4628
0.3311
0.7423
1.9406
4.6371
0.1754
4.9296
1.2281
6.4122
0.3707
3.2595
0.0389
1.5439
1.8986
1.4577
1.9502
2.8048
0.4362
0.6320
0.6683
0.9764
5.2567
4.6655
0.2822
1.7119
0.9367
0.0423
2.2408
0.0176
0.7513
4.7905
3.6894
1.1411
4.5249
0.0497
2.8933
0.1529
1.6220
0.6055
2.1079
2.9284
0.1182
4.6309
0.9143
0.0183
0.5538
2.3840
0.8289
0.7722
4.2042
0.4054
1.0701
1.0281
1.7625
0.4258
0.6957
0.2060
0.0187
0.4914
0.2291
2.1587
1.0175
0.2298
2.2031
0.0094
0.7874
0.3678
0.0316
0.1001
0.0875
1.1888
0.0499
0.2976
1.0699
0.0378
1.3251
0.6846
0.5769
0.0279
2.4704
0.1225
1.4197
1.0875
0.4762
5.5850
0.6465
0.5504
0.7927
1.7080
1.5343
0.2440
0.5250
0.3540
0.5676
0.6627
0.7705
0.1512
0.0720
1.3370
0.7651
4.0332
1.9950
1.3287
1.9373
1.7696
4.0807
1.8129
0.2364
0.0025
0.5876
2.8922
0.8017
0.0864
3.1752
0.2635
1.2690
0.2281
0.1642
0.2720
0.5571
0.9969
1.9939
0.2245
0.5648
0.4771
2.7723
3.6719
0.7330
1.8463
0.9738
0.7043
3.1977
0.0883
