0.5787
2.3364
0.2411
2.0141
2.6462
0.9034
5.9468
2.0582
2.0491
0.2749
0.3706
1.8884
1.5397
0.0000
0.6056
1.7479
0.1154
0.3229
0.4881
0.6338
0.7975
0.9366
0.1478
0.0939
1.6640
3.9762
0.9251
0.1220
1.2886
0.3806
0.1070
0.8878
0.1150
0.2991
0.9829
0.4173
0.9249
0.0199
0.0039
0.0853
0.1281
0.5096
0.0130
0.3786
0.8562
1.3949
0.6841
1.4966
0.0893
0.3956
0.8321
0.8651
0.0916
0.7924
0.1345
0.7266
0.0346
0.4623
2.7058
0.4838
0.0643
0.2237
0.6187
0.5310
1.0811
1.2914
0.3186
1.4795
1.9463
0.3023
0.0687
0.3257
1.1775
1.1783
1.8677
1.3886
0.5484
0.6930
0.0495
0.6314
0.2188
0.0568
0.5741
1.3670
0.6208
0.4553
0.2213
0.3087
0.4479
0.3453
2.2630
0.0207
0.8535
0.3978
0.1940
1.3085
1.6828
0.0496
1.3909
0.2830
1.6359
0.6582
0.1625
0.2887
0.4512
0.0928
0.7469
0.6918
0.1460
0.1899
0.5493
0.7094
0.1037
0.1961
0.5085
0.0727
0.1191
0.4799
0.6894
0.1229
0.4427
1.4421
5.4197
0.6266
1.0092
0.4400
0.1199
2.0156
0.2325
4.1249
1.1140
2.4447
0.0253
1.0683
0.2649
1.0273
0.5368
0.0463
1.5850
0.1330
0.1050
0.2177
0.0330
0.5817
0.8839
1.0514
0.3947
1.8420
1.0164
0.0869
0.0779
2.0083
0.7736
0.1925
0.2057
0.3099
0.0160
0.2242
0.4899
0.4151
0.1542
1.0894
0.7617
0.2097
0.3372
1.3690
0.1803
2.0657
0.0920
0.5534
0.4957
0.2895
0.0783
0.6330
1.3124
0.3479
1.6460
0.2585
0.1429
0.6062
0.2899
1.0460
0.2184
0.5468
0.6339
0.9955
0.1120
1.6758
0.5101
2.1461
0.2344
0.4150
0.0205
0.1169
0.3487
1.0514
0.0955
0.1791
0.7482
0.3665
1.4478
0.6944
0.1593
1.2076
0.8924
0.1210
3.6719
0.1761
3.0614
0.0720
0.1787
0.1109
1.6539
0.2508
0.5640
0.1532
1.1357
0.8054
1.3311
0.2175
0.9422
0.5925
0.1342
0.9309
0.3698
0.6410
0.9530
0.6144
1.1499
0.1154
0.1205
0.5718
0.6113
0.3408
3.3341
0.4727
0.2115
1.8620
0.3761
0.2965
0.0902
0.2424
0.8396
1.3603
0.1830
4.4039
1.0148
0.8008
1.8022
0.2475
2.2745
0.2068
4.8011
0.1474
0.1860
1.2029
1.1153
0.8663
0.0991
1.1055
1.7890
1.1116
0.4630
0.6391
0.0972
0.1274
0.0430
1.8796
1.6691
0.7752
0.3459
0.1410
0.0087
0.9631
1.0372
0.4109
1.1062
0.1115
0.0342
0.1489
0.0138
0.5648
0.2053
0.1920
0.2096
0.7280
0.9931
0.4881
0.3675
0.6660
0.0348
1.1719
1.6706
0.0247
0.0900
0.1623
0.0206
0.4946
0.4157
0.1763
0.0020
0.3827
0.9041
0.8464
0.9146
0.0078
0.5616
0.0396
0.4901
0.7003
1.5641
0.2257
1.5088
0.1442
0.1065
0.6661
0.5275
0.9143
0.2407
1.2927
0.3663
0.3163
0.2168
1.5682
1.1207
1.5405
1.2109
0.6063
0.7078
0.3302
0.6948
2.4508
2.8377
1.0456
0.2856
2.9950
0.5805
1.0403
0.1744
0.3200
0.1345
0.4979
1.4211
0.3321
0.0278
0.4118
0.4306
0.9335
0.6419
0.5082
0.0415
0.5558
0.6972
0.6216
0.0024
0.1455
0.5493
2.9264
0.0578
0.9801
0.0228
0.2051
0.6920
0.1446
0.4528
0.7911
0.0272
0.6637
0.0000
0.1106
1.6944
0.6933
0.7350
0.0408
0.0533
1.1420
1.5810
1.7980
0.0162
0.2921
0.2251
3.8211
2.4799
0.0000
0.6519
0.1281
0.1066
0.7918
0.1558
3.9574
0.0947
0.6857
1.4738
0.0265
0.0119
0.1896
0.6341
0.1202
0.1077
0.2009
1.6659
0.0709
0.1901
0.2234
0.5993
0.0458
2.6503
0.0089
0.1156
0.0464
0.0560
0.3461
0.1402
0.0859
1.3802
0.4989
0.5558
2.1985
2.9686
0.6475
2.0255
0.8109
0.2023
0.2017
1.5387
0.4349
1.9296
1.6978
0.2818
0.3047
0.8741
0.1272
0.4146
0.2725
0.0194
0.4923
0.1190
0.1460
0.5284
0.0568
0.0435
0.5852
1.5834
0.0175
0.1538
1.4912
0.1009
0.0019
1.1399
0.8739
0.0003
0.5385
0.0020
0.5294
0.4875
2.0779
1.9088
1.4610
0.0098
1.9334
0.1139
0.2182
0.0519
0.2020
0.2776
0.1183
0.1978
0.0614
0.2524
0.6905
0.0630
0.8071
1.1480
0.6099
0.0001
0.2653
0.6058
1.6169
1.9485
1.2523
2.1964
1.2583
0.1655
0.0729
0.6567
0.2097
0.1411
1.4590
0.4296
3.1577
0.2302
0.0456
0.0221
3.4983
2.0657
0.6669
0.0001
0.5415
0.3914
0.1186
0.2615
0.7036
0.0126
0.0877
0.3754
0.5424
0.5414
1.9588
0.5138
0.0034
0.6479
1.5206
0.0126
0.6396
0.0295
0.3022
0.0592
0.2672
0.1469
0.0407
0.1684
0.4380
0.8177
0.8187
1.4932
0.5794
1.6957
0.1770
0.1218
1.1586
0.5526
1.6589
0.4218
0.2516
1.2470
0.2828
0.7170
0.3937
0.9763
0.1428
0.1032
1.9741
0.3173
0.1516
0.2473
0.0489
0.0283
0.4601
2.5571
0.1527
0.6991
0.3459
1.1873
1.0675
0.1668
0.2098
1.3175
2.2122
1.2945
0.6688
0.4021
0.1879
0.4096
0.5327
0.4204
0.5712
0.2740
1.8736
0.4419
0.1474
2.1159
1.6467
0.2711
0.4723
0.1904
1.1043
1.0833
0.5680
1.3651
0.4482
0.1099
2.3015
0.2270
0.4604
0.0224
0.0841
0.0550
0.5116
0.1763
0.1752
0.4310
0.2238
0.5509
0.5764
0.1920
0.0408
0.0352
0.1282
1.0433
0.3746
0.2987
0.9624
0.1381
1.3095
0.6791
0.3465
0.1461
0.0627
0.0280
0.0953
0.0065
0.3276
0.3428
0.0903
0.0202
2.8351
0.1306
1.5758
1.0424
0.2197
0.2276
1.3032
0.6578
0.1756
0.3419
0.6973
1.7854
0.9128
2.3968
0.5427
0.0086
0.0926
0.1667
0.2105
1.4895
0.3594
0.4764
0.5110
0.9967
0.1783
0.1278
0.1008
0.0276
0.8069
1.4202
0.5689
0.3640
0.5698
0.8845
0.0556
0.3622
0.1095
1.8252
0.1041
1.7798
0.1084
0.1501
1.8928
0.5903
0.0981
0.9587
0.4133
0.0019
0.2988
0.1119
0.4832
0.3175
1.0732
0.9286
1.3076
0.4704
0.5261
0.9221
0.6304
0.6283
0.2199
0.3130
1.2041
0.0388
0.0766
0.5648
0.3205
0.0961
1.1328
0.9966
0.9220
1.3502
0.2039
0.3863
0.2102
0.0095
1.8628
0.4070
0.5391
0.1807
0.4631
0.3118
0.9822
0.0558
1.6989
0.8864
0.5828
1.5133
1.0054
0.1009
2.2810
0.6041
0.6859
0.6386
0.1080
0.1297
0.0493
0.2965
0.3191
0.5098
0.3213
0.0264
0.0021
0.8525
1.0492
0.4246
0.1195
0.1353
0.1189
0.3345
2.7928
0.9476
0.0110
2.7014
0.0248
0.1034
1.1299
0.0246
0.7808
0.2389
1.5689
0.9886
1.1848
0.6661
1.4591
0.3825
0.2057
1.6498
0.7207
0.3268
0.4790
2.5492
0.5013
0.4560
1.6843
0.3240
0.5155
0.0257
0.2993
0.8865
0.1272
0.1374
0.2737
0.5794
0.6245
1.0797
2.3781
0.9482
0.8917
0.2870
1.4520
0.0695
0.0645
0.0004
0.2330
0.1310
2.9446
0.5006
0.0013
0.5737
0.3096
2.3024
0.0131
1.5231
1.1038
0.4792
0.1779
0.3767
0.4112
0.2160
0.2637
0.1465
0.3134
0.6768
0.3424
0.1444
0.5574
0.9663
0.4444
0.1761
0.1054
2.3445
0.5344
0.9195
0.3786
0.4405
0.0187
0.3525
0.0000
0.0882
0.0689
0.3409
1.2588
1.7545
0.6561
0.9235
0.1139
0.7815
0.0730
0.4242
0.6613
3.0003
0.1145
0.3643
0.0468
0.4339
0.1844
1.1882
0.0173
2.2856
0.4257
1.5283
0.9545
0.3159
2.8250
0.4698
0.1348
0.1743
0.7190
1.2596
0.5657
0.4394
0.2404
1.2946
0.8195
0.4188
0.8830
0.1182
0.2490
0.0112
1.5556
0.8397
0.5561
2.2026
1.1659
2.0307
0.4803
0.5567
0.4813
0.5910
0.8353
0.4678
0.2055
0.2766
0.4011
0.0417
0.0637
1.2717
0.9331
0.3786
0.2691
1.5375
0.2494
1.0340
0.9346
0.3324
0.4673
0.0628
1.3674
0.7107
0.1256
0.3745
0.7009
0.4798
1.9728
1.4581
0.2960
2.2644
4.3412
0.4985
0.1010
0.5092
0.4400
1.2702
0.2398
0.7420
1.7369
0.9229
0.9511
0.2800
0.3141
0.6256
2.8577
0.4004
1.1585
1.0009
0.0908
0.1018
0.2508
1.1349
0.2643
2.1230
0.7146
0.0762
0.7153
0.1137
0.2281
0.8708
0.2708
1.3258
0.2746
0.0284
0.9419
0.3567
0.1724
1.3770
0.8064
1.4190
1.6572
1.8524
1.2722
0.5904
0.2078
1.1964
0.0011
0.3113
0.2353
0.1586
0.1846
0.9289
0.4251
0.6255
0.0378
0.4081
0.2919
0.2980
0.1940
0.0000
0.2672
0.4295
1.7244
0.1961
2.1482
0.0140
1.5987
0.8412
0.2034
0.4182
0.3222
0.1670
0.0951
0.7060
0.1361
0.1102
0.1581
1.9805
0.3482
0.1831
1.8701
1.2877
0.5806
0.3187
0.2873
1.8674
2.8019
0.1991
0.4975
0.2027
0.1040
0.7488
0.0688
0.5618
0.0123
1.0275
0.8398
0.0731
0.0107
1.0693
1.1086
0.5215
1.4281
0.0403
0.1770
0.4758
1.3523
0.8922
1.2807
0.9569
0.4468
1.2173
1.4781
0.1184
0.4341
0.0280
0.3255
