5.1697
0.2978
0.4706
3.5681
0.1893
1.1730
0.2898
1.8831
0.1212
3.5678
2.1961
0.4306
0.2732
0.1054
1.2400
0.0496
4.7550
0.8458
0.7492
0.7046
4.1132
1.8559
0.3990
1.5220
0.5346
1.9283
1.4859
0.4168
2.3484
1.1054
2.5083
1.0927
0.6635
1.5186
0.2866
1.2307
0.7481
1.4912
0.8244
0.2253
1.0949
1.1672
1.1859
1.2819
2.4697
0.3714
0.5281
1.0732
0.3410
1.3416
0.9413
0.6633
6.7511
1.6408
3.0587
0.7147
0.0000
1.3825
0.9897
4.5112
0.6832
2.9425
0.7539
0.1415
0.3725
0.8095
0.2388
0.0994
1.5465
0.6353
0.4431
0.8938
0.0808
0.4494
0.9799
1.4085
0.8663
0.1161
0.8092
2.2159
2.2712
2.3345
0.0032
0.1503
0.3557
0.3999
0.6893
0.0217
0.5910
0.1977
0.9883
1.7242
4.1269
0.5249
0.0327
0.1103
2.3829
0.5235
0.5004
1.0688
0.7278
0.2749
1.1050
1.1464
1.1319
0.4084
0.6421
0.1166
0.9699
1.2257
1.2956
0.0199
0.2869
0.5880
2.3512
1.3686
1.5706
0.2660
0.2676
0.9906
0.0949
0.5439
1.1464
1.3490
0.6523
1.2852
0.8631
0.1686
0.1285
3.6718
1.4859
0.2837
1.0149
3.9759
0.7766
1.5395
1.5737
0.6242
2.8310
0.3050
0.0828
1.4622
0.1843
0.1405
0.3117
1.3311
0.0849
0.1825
2.1825
0.0710
0.1509
0.7529
0.7044
1.0179
0.3948
0.4814
1.4053
0.0276
0.0559
0.2768
0.3267
0.3885
0.0124
0.9501
0.1636
0.5976
0.0899
2.2518
0.2051
0.6128
0.0014
1.8441
1.1239
0.0550
0.7201
2.1153
0.0570
1.3176
2.3081
1.4307
0.0023
1.4554
0.4532
0.1440
0.0963
0.4506
1.3194
0.2659
1.8778
0.1758
0.6345
0.0846
0.0314
2.2205
0.9628
1.5056
1.7480
2.7311
1.6626
1.4673
3.2934
0.3529
0.3104
0.0685
0.7493
2.7975
2.7458
0.3871
0.9479
0.0007
0.1590
0.0263
0.7459
1.3622
0.9120
2.3051
0.1734
3.0234
0.2012
0.0768
0.0662
2.3749
0.3266
2.7797
2.6518
0.4468
2.8050
0.0385
0.3305
0.0244
2.2992
0.1722
0.9192
0.2646
2.8525
0.2153
2.2999
1.5768
0.2498
0.3508
1.2261
6.7492
0.2314
1.3071
4.1811
0.3117
1.3002
6.9415
2.2667
2.1444
1.7593
3.0026
0.4512
0.5742
0.4231
0.1103
1.4361
1.6696
0.7821
0.8139
4.3585
0.9647
0.2853
2.9249
0.1668
0.9268
2.0581
0.5080
0.7651
2.7700
2.1850
0.0096
0.7915
2.4413
2.4215
0.6257
1.2270
0.0163
1.2760
0.6148
0.5144
0.8390
0.1194
3.9428
3.2256
1.4019
2.1832
0.2450
0.6798
2.2311
0.2703
0.6902
0.6291
2.2312
0.0135
0.7920
0.1858
0.2386
0.0000
0.0441
3.0005
0.0806
2.0542
1.2078
0.7511
1.6445
0.0001
0.6519
0.3643
0.6031
2.6667
0.0811
0.4088
0.3921
0.1261
0.4012
0.5945
0.5976
0.2643
1.3534
1.1803
2.7025
1.3101
0.0000
0.9119
0.4740
0.1468
0.2564
0.0090
0.0085
3.8264
0.1350
1.3173
1.1775
0.2966
0.1312
0.9956
0.8923
1.6480
0.3054
2.5827
1.2343
5.3120
1.3224
1.0826
0.1508
3.6457
0.2671
1.1321
2.5809
1.0693
0.0673
2.1256
1.4556
0.1834
0.0588
0.6643
1.5989
0.7623
0.0723
0.2551
1.9671
1.6068
1.0268
3.3467
0.0453
0.7966
0.0034
1.4813
1.8381
0.5600
0.6509
3.6188
2.5144
2.9878
1.7458
0.3510
0.7126
0.9014
0.4870
1.1179
0.8149
1.2998
1.9636
0.1466
0.0002
0.0287
2.4273
0.5954
0.1007
0.7201
3.5635
0.5147
1.4890
0.9393
1.2482
1.0073
1.0814
0.1662
0.3443
0.4205
0.8911
0.5817
1.8133
0.3065
0.0259
0.4469
3.1261
1.3176
1.0518
2.6424
0.8376
4.8389
0.9224
1.0501
1.2135
0.0585
1.5809
0.6117
2.1576
2.1067
3.6355
2.2224
2.1885
0.0002
0.1657
0.2154
4.4290
0.0204
1.4786
0.3569
0.8378
1.1079
1.1247
0.0912
2.9159
0.0204
0.8177
1.4378
0.3502
3.4546
0.4810
1.8935
1.8377
0.2981
0.9627
0.6510
0.0505
0.7238
2.8948
1.4913
0.1085
0.5322
2.2954
2.4405
2.5400
1.0300
0.8294
1.2101
0.0285
0.0124
0.5446
0.0619
0.4070
1.7377
0.9494
0.1213
1.2474
0.3806
3.2828
1.5071
1.2572
1.4388
0.0017
5.5605
0.0258
0.6964
0.3865
0.2246
1.8028
1.8275
1.3804
0.7592
0.0839
0.3245
0.7440
0.1131
1.0058
0.3836
3.2644
0.1109
0.1002
0.3401
3.9610
3.2174
0.1792
0.3630
0.3193
4.0585
0.2038
0.4023
2.6157
2.8354
0.7486
0.2252
5.2233
2.6818
0.2316
0.8205
1.4322
1.5942
3.1973
0.3287
1.9308
1.8517
1.3236
0.5001
0.1300
3.2226
0.4611
2.6384
1.5568
2.0792
0.0286
2.9666
1.5827
0.2491
0.2952
6.4052
1.6045
0.6337
0.6441
0.0824
2.9401
0.0766
0.6280
1.0460
1.7130
0.4746
0.7340
3.0877
1.3816
1.0001
0.6173
0.0433
0.1275
1.0577
1.2112
0.7104
4.7145
1.0746
0.0861
1.7136
1.4279
0.4068
0.0300
2.2900
0.0766
1.4076
0.7853
1.8961
1.9046
0.9491
0.2765
1.2311
0.2302
1.1305
0.5390
0.4629
0.3401
0.7252
1.1726
0.4696
2.0590
0.3805
0.0633
0.1213
2.2114
0.7228
1.9530
0.5362
0.4461
2.2212
3.0837
0.1415
0.6832
1.9373
1.0735
0.5449
1.4812
1.0523
0.0082
0.2240
0.3411
4.0438
3.2214
3.3594
2.4289
0.0413
6.4898
0.9220
0.0734
0.4458
0.7075
0.7293
0.3955
1.6052
0.5512
2.5102
0.7945
0.4003
1.3185
2.1079
0.9113
2.7856
0.3386
1.1412
0.5701
0.5032
2.4366
0.6350
0.1499
0.0855
0.0002
0.2595
0.6252
0.4079
0.1349
0.4593
0.9532
0.7671
2.0687
1.5144
0.0242
1.6962
0.0278
1.3491
0.8516
1.0720
0.0506
0.1949
0.4776
1.4895
3.6053
1.3436
1.6395
0.8160
0.3408
1.3623
3.5189
2.1695
1.3320
1.1586
2.1906
2.9810
0.3611
0.4324
0.3175
0.1229
0.7956
1.2899
3.3000
0.2392
6.2490
0.6960
0.0662
2.7623
0.5140
1.8272
0.1806
4.5496
0.2991
1.1695
1.0536
2.6119
1.0429
1.3556
1.2887
0.7572
2.1816
0.5328
0.1545
0.8785
2.4689
2.6145
0.0493
0.9102
0.0146
0.0000
0.0518
1.2326
0.8996
2.1591
0.1640
0.0379
2.8063
0.0020
0.0271
0.2890
0.2463
1.0207
2.2337
0.0112
0.4770
0.2344
0.8294
2.1727
0.0398
2.5804
0.6582
1.9370
0.6422
2.7607
2.3946
0.2500
2.5687
0.5355
1.7511
0.6891
0.0600
0.2122
1.0572
0.5776
0.1757
0.3170
2.6508
6.8532
0.0397
0.5806
4.1464
0.2283
1.0652
0.0040
1.1437
0.7062
1.8509
0.1083
0.3875
0.0306
1.5742
2.4610
0.1401
2.8962
2.3113
1.5885
0.2725
1.0662
0.0389
1.2376
0.4574
0.7560
3.4438
0.4123
1.0652
0.7405
0.6856
0.0928
0.4012
2.0197
2.7959
1.2145
0.2077
0.3673
1.8098
2.5673
0.9396
0.1874
0.4709
3.4497
0.8054
0.3712
0.0320
1.8927
1.6178
0.6580
0.6042
0.0795
0.8253
0.6807
0.7607
2.3733
0.0038
3.5141
0.2736
0.4736
0.3354
0.4714
1.6139
1.6709
1.3213
0.4364
0.7009
0.0384
2.2701
1.3970
1.8153
1.4387
0.4231
0.3430
0.0000
0.0323
0.4750
1.0036
1.1636
1.1923
1.3982
0.4744
0.0337
1.1568
0.8240
0.5841
0.1083
1.0224
0.0718
1.0583
0.5492
1.4819
0.0495
0.1361
2.6537
1.3927
0.8163
2.1685
0.7126
0.9051
0.8543
1.0888
2.4596
1.0274
0.3084
0.4774
0.5325
1.3250
0.6149
0.9135
0.3039
0.9227
0.0925
1.4630
1.2004
0.4231
0.2782
2.0452
0.4039
0.8034
2.3159
1.1671
2.5890
0.0216
2.2488
1.5849
1.1277
1.2270
1.1335
0.1425
0.4529
0.8714
0.0277
0.7341
0.3727
0.7249
0.0375
1.6040
3.2044
1.8055
1.5090
5.0722
0.6973
2.2951
0.1987
0.6247
3.7315
0.9114
0.6570
1.9168
4.6431
0.2059
0.0788
0.0454
1.0015
0.1897
0.7974
0.7195
1.1153
0.9184
2.1544
0.9935
4.8392
0.9544
0.0230
1.5725
0.0193
0.3422
1.8559
1.0354
1.0431
0.3299
2.5770
2.3617
0.0674
0.9250
0.4261
0.0423
2.0505
0.2051
1.1231
1.9244
1.4842
0.0001
1.3436
0.0100
0.7477
0.2541
0.1874
0.5265
0.0156
2.8671
4.1500
0.0027
1.2889
0.3578
1.7321
2.5433
0.2888
1.5584
0.9178
2.7111
0.2508
1.4831
0.0877
1.3485
1.2421
0.3705
1.0722
0.1015
0.0711
0.0368
0.8049
0.1144
3.2329
2.5510
5.0523
0.3142
1.7095
0.4054
0.0431
2.6715
0.0029
1.2351
1.4106
0.5386
1.0820
0.2686
0.3900
0.0299
0.3637
0.0824
0.8772
1.7605
0.0063
0.0581
1.6150
0.0136
1.4532
0.3254
0.1871
0.0462
0.9183
2.6154
3.4594
1.4821
1.4399
4.5923
0.8299
1.6466
0.7728
2.0144
1.6590
2.3158
0.0106
0.2221
0.7944
0.3640
1.4127
3.6193
1.2383
0.0034
0.6286
2.1533
1.1377
0.0046
1.1468
1.5267
1.3739
1.0263
3.5273
1.2885
0.3398
1.3114
0.8381
