6.2736
0.3271
0.0055
3.8239
0.4472
8.3187
1.6717
5.6200
0.8522
0.8199
3.9842
1.9394
3.1609
3.2153
3.2852
3.9693
2.5420
1.8084
1.9644
0.1251
0.1617
5.6580
3.9750
0.0265
5.4346
8.1257
0.5728
5.7022
0.8933
3.3063
0.2836
10.2777
1.8701
1.0517
0.0320
1.8603
0.4637
0.7860
4.2465
0.3979
0.2625
0.0104
1.3050
2.4203
3.6024
1.1645
5.1796
3.0994
0.0000
3.7472
0.9842
1.0763
2.5971
0.5665
1.6489
2.6477
0.9864
1.3181
2.7004
0.1450
0.0001
0.5931
3.0718
0.9729
2.1949
0.2392
5.0909
1.4356
0.3603
1.8255
1.0909
0.8365
1.8209
3.8169
0.0038
0.8652
1.5102
0.4438
1.4763
0.5270
0.3747
2.8198
0.1615
3.2832
3.3662
0.0510
6.0714
0.3625
2.8214
0.0055
1.4897
1.3772
0.3576
0.3989
0.9643
0.1366
0.0092
1.1298
0.6514
1.9255
0.1231
4.8274
0.9123
1.1701
1.4600
0.1354
0.3930
0.5748
1.0618
2.0786
0.4756
1.2457
0.1438
4.0441
5.0460
1.3301
3.8904
0.5700
3.9286
0.7237
2.4907
0.0051
3.9002
0.3236
0.4476
0.8870
0.8016
0.4276
0.6893
0.0098
4.1016
5.1966
2.4252
1.3817
10.9646
2.6385
0.4909
0.2007
0.3837
4.5054
0.9439
2.7831
1.0946
1.6338
0.0628
3.7239
0.4631
1.2734
0.7269
0.0290
0.9024
2.6303
1.5082
1.7643
7.3885
0.7814
0.4883
4.0842
2.9775
1.4051
0.5670
0.6497
0.8099
0.7527
3.3090
0.0299
1.4722
2.2835
7.3146
1.7405
1.0643
0.9609
0.2607
0.8208
2.8262
0.1094
1.3293
4.3982
0.4676
1.8102
0.5924
0.0052
0.4739
5.1975
2.8093
2.4012
5.3717
0.5269
4.3923
2.8224
0.8988
0.0275
1.3536
5.1484
1.7324
12.8579
1.1810
0.0237
1.3627
1.1238
1.5879
2.0317
1.7198
0.6296
0.6784
0.2863
2.7875
0.3772
0.3150
0.2848
1.3702
4.0673
0.0794
2.3889
0.7685
1.2181
2.2672
0.6413
6.2514
0.8822
0.9486
0.4230
1.1202
5.0021
0.3377
1.5368
6.7831
1.5673
0.1124
0.3763
0.2940
0.7220
0.1311
1.6612
0.0191
0.6331
2.2654
1.6549
1.1694
0.7070
0.5618
5.3178
0.0657
0.0065
4.6468
2.3587
5.0751
1.5447
3.2492
0.1817
1.2156
0.3332
3.4147
0.0660
1.0596
0.7301
0.1085
2.0725
0.1627
0.1969
2.3125
0.1622
0.1902
0.6405
0.0705
1.0806
1.3563
0.2350
1.8221
2.5009
0.9644
0.5606
1.5321
0.1703
0.1730
1.6238
0.0000
2.7369
1.3853
0.0665
1.6763
0.7703
0.7243
0.3964
3.2883
0.5353
1.0715
0.2187
5.0818
3.0991
0.1580
1.1977
1.9980
1.1906
0.1203
3.8048
0.6521
3.0880
0.0018
5.0882
3.0329
1.4204
3.1426
0.1025
0.1033
0.7499
0.3489
1.6784
0.0881
2.2713
1.1725
0.5890
1.2641
4.3638
0.8205
2.3157
0.1086
4.5269
0.6104
1.4195
5.7943
1.7365
3.5850
0.8084
1.1578
0.8503
0.3069
0.5887
0.0053
2.5817
1.1412
0.0535
1.4648
0.4767
0.6573
3.9362
2.1231
4.9112
1.3433
0.1059
0.8166
0.9185
2.1423
0.9424
0.6572
5.1481
1.1399
1.6984
0.0458
0.7999
0.0084
0.8119
1.2802
0.1681
4.1346
1.2811
0.2968
1.3577
1.0607
1.4031
0.1530
1.0554
0.6563
1.8826
0.7463
3.4320
0.4620
2.1141
0.2638
3.7742
0.3563
1.0821
0.0766
0.6025
1.5804
0.4075
0.0260
0.6947
1.1353
1.5709
0.0000
1.2136
1.0518
0.0095
0.0909
0.6858
0.3426
0.0728
0.9147
0.4240
2.2542
0.0068
5.4376
0.2680
2.2089
0.3427
5.3121
1.3368
2.3893
2.2435
0.1246
1.5908
0.6179
3.5047
0.8051
0.9088
1.5404
0.8234
0.4765
4.0349
3.9057
0.5973
0.5381
1.5389
0.3362
0.8404
0.4790
0.9010
1.0849
6.4729
3.9139
1.6696
0.7390
1.7357
1.7373
0.3966
1.1473
0.9381
0.4649
0.3497
0.6641
2.4958
1.9815
1.4715
0.5084
0.2273
0.1713
0.0369
4.9387
0.4612
0.5773
0.5869
0.3367
0.0318
4.4484
0.0306
0.1947
0.4679
0.3759
8.5489
1.0021
1.9666
3.3807
6.1323
0.7964
0.3521
0.0703
2.5997
0.7108
0.2712
1.6111
1.1798
3.3603
1.8702
0.0468
2.4112
3.1287
1.1725
1.6983
2.8552
0.6977
1.2922
0.6193
0.1164
0.0800
2.3130
0.1060
2.0117
1.2766
0.0428
0.1555
1.4333
0.6326
0.8442
2.4186
2.2528
0.9974
0.0246
1.0532
3.0093
1.2144
0.0161
0.0224
0.9685
0.2923
0.2668
0.0223
3.7454
2.7257
0.0683
2.7791
0.3279
0.0506
0.5689
0.4114
1.2376
0.1063
0.1352
1.4920
8.5614
7.1050
0.6620
0.0269
0.2119
5.9205
0.8664
0.2998
0.8099
0.0270
1.1315
0.5019
0.1258
0.9786
1.1312
4.1108
0.7375
0.9857
0.3499
1.2076
6.9759
0.3438
2.5420
0.7486
0.0834
0.4650
0.0724
0.0106
0.8777
1.6161
1.6758
2.3320
0.9903
0.0689
1.7931
1.0521
3.3444
2.6378
0.5100
2.2944
0.5060
0.4761
0.9675
1.5322
2.3379
0.6949
1.5664
0.6442
1.8475
0.5656
7.1750
0.5985
6.4578
1.1585
0.7665
0.8389
0.4320
0.1202
2.4447
0.1733
0.3714
1.4798
1.3619
0.0454
3.2972
0.0473
0.7503
0.7288
0.3638
0.2538
0.1812
0.3746
1.1364
1.9713
2.3699
0.8849
0.0516
3.2389
0.3168
1.0640
1.6209
2.5414
1.1077
1.1199
1.7396
0.0118
4.7331
1.0283
0.4487
0.4931
0.5348
1.8549
0.7174
0.2513
1.1182
0.8644
0.0208
0.6080
0.0033
0.1435
1.7769
0.2976
1.8075
0.5443
0.3325
0.0775
0.1342
0.2709
0.6904
0.0495
0.9379
0.0834
0.3456
2.5834
0.6767
1.0876
1.2754
1.1502
4.4999
3.6129
1.8180
1.9064
0.0243
1.0766
0.6554
7.0797
2.8659
1.9589
6.2493
0.3871
0.9036
0.2713
2.1350
1.0981
0.6188
0.4897
0.1733
0.0779
0.5808
1.0387
0.5774
0.3774
2.7909
0.3519
0.2135
0.0261
0.6096
1.0682
0.5202
0.1921
0.4489
3.0559
0.0002
0.5232
0.0045
2.3305
0.5841
2.1735
0.2192
0.7043
2.9276
0.8549
1.8348
2.0098
1.0333
3.5759
0.8771
1.1785
1.2265
0.0309
0.6334
0.2813
0.0280
2.7648
0.8778
0.3792
0.7419
0.7125
0.7559
0.1329
3.1817
1.3793
2.0862
1.9094
0.9200
0.7030
1.8909
0.0251
2.6577
1.4652
2.0177
2.2728
1.5167
3.0666
0.8490
1.6382
0.2449
2.0634
0.0292
0.7770
0.5923
0.5756
1.4623
4.4604
0.3059
0.7452
0.1919
2.4178
1.3719
1.0403
0.7959
1.3604
0.2555
1.1559
0.7136
0.7416
1.1439
2.1387
0.7852
2.0143
0.3057
0.1506
0.6345
2.2318
0.4268
0.0919
0.2700
2.0470
1.6068
1.0732
1.4146
0.1112
0.1319
1.4716
4.1814
0.0002
0.6780
1.8460
0.0049
0.0917
0.1056
0.0000
8.4887
0.5779
0.5223
1.7168
1.0962
0.6862
6.2789
0.0131
0.7923
0.5608
0.9978
1.4774
4.4846
2.1965
0.6141
4.0725
0.0000
0.2705
0.1178
0.2346
1.6883
1.3130
0.4664
6.4545
0.0565
1.5964
0.8130
1.5489
1.3775
1.2648
6.8488
3.3147
3.5601
0.0239
2.7822
2.2890
0.4910
1.0768
0.1296
1.0809
1.6806
2.9091
0.7634
0.0400
2.0811
0.3011
1.3588
0.0009
1.7612
4.1012
2.4838
3.4662
0.0956
2.7673
0.0029
0.1175
0.7488
1.7835
1.1072
0.0003
5.8057
0.2756
1.3711
4.5014
1.4003
0.1937
0.9573
0.7701
1.5524
3.7041
0.0055
0.3420
2.7394
1.2896
0.3090
2.7665
0.3423
0.0042
2.5279
1.3340
1.3426
0.0000
0.8478
0.1301
0.0531
1.8113
1.4718
1.5497
1.1492
2.3978
0.9290
0.2280
3.9343
0.2917
2.2277
1.5726
0.0016
3.3891
0.4984
3.4377
0.1358
0.6592
0.4487
0.4255
0.0929
0.1290
0.8646
0.4442
1.9734
0.0003
2.2794
1.3143
0.8795
4.2221
0.3896
1.1068
0.4458
0.2701
1.4379
0.2852
0.2399
0.7785
0.4111
2.7935
0.9544
2.4188
1.1790
0.3422
0.7234
0.8835
0.2823
0.4580
0.4032
1.1490
0.1203
2.1920
3.1254
3.7083
1.2668
2.8797
2.3274
0.1967
0.0963
1.3004
0.2360
0.8390
1.3881
1.4581
1.6374
1.6295
3.2892
0.7465
0.3068
2.0399
2.5923
0.5882
1.1561
0.0309
0.8662
0.5879
1.6113
0.8804
0.8065
1.8154
0.9384
0.0252
0.7403
0.0186
0.8361
1.7454
1.7234
0.3019
2.4110
4.4626
1.8131
3.0969
1.6233
0.2629
2.1572
1.1765
0.0208
