1.2898
1.0322
0.0472
0.8162
0.7568
1.6954
6.6384
1.2490
0.0225
1.4036
3.0472
2.7871
3.2334
0.9323
0.3867
2.5932
0.3014
2.1933
1.2334
2.2934
1.2546
1.5857
7.0954
3.4049
1.0726
0.2146
0.0123
1.1942
0.4615
0.4507
3.0401
0.4858
0.5328
1.9281
0.7204
1.1344
0.9052
0.1491
0.2840
1.1378
1.4580
0.2213
2.5944
1.1167
0.1077
0.0504
0.2646
0.9899
2.5000
1.2975
1.4237
2.4562
1.9392
0.6057
1.3792
0.6836
2.3117
0.5147
1.3009
0.1816
0.8285
4.1345
0.0572
1.5290
0.8202
3.8366
1.0382
0.2803
0.4335
1.7945
2.3796
0.2315
0.8114
0.0819
1.1149
0.7899
0.1155
0.6497
0.3868
2.7738
0.2379
1.9148
0.4226
0.4036
2.8831
5.6561
2.3708
0.1779
1.5008
0.8578
0.4622
0.3517
2.4134
0.2116
0.0067
1.8367
1.4707
2.6738
1.1062
1.0993
0.6651
0.1058
0.1605
1.0670
0.1177
0.0630
0.4431
0.1350
1.2761
1.9360
1.7949
2.0117
0.8524
1.8816
0.1895
2.1356
0.1877
0.5475
0.0796
0.6309
2.1580
0.6222
1.1747
0.3070
0.1512
0.2479
1.8637
0.4568
2.6600
0.6938
0.0712
0.2410
0.3851
0.3409
0.0865
0.6402
1.0990
0.3632
1.0840
0.3492
0.5822
1.1919
0.4024
0.0576
1.7335
0.6100
1.4572
0.0950
2.5306
0.5652
0.2890
3.0224
0.1669
0.2168
0.2550
1.6553
1.6640
1.4270
0.0598
0.0278
0.2804
0.2344
1.6993
1.7173
3.0685
0.5105
1.5334
1.7628
1.5028
1.4024
2.9381
0.0613
2.4538
2.6804
0.3731
2.5232
2.5699
1.6527
0.9429
0.0015
1.0429
0.5438
0.0181
0.2628
0.2301
0.5492
0.3593
0.0123
2.0713
0.3233
0.4589
0.8758
0.2081
0.2717
0.6909
1.0663
0.4681
0.0046
0.3991
0.3642
0.7258
0.0267
0.2540
2.6820
0.4291
0.0991
0.5361
1.0805
0.6089
0.7196
0.0728
3.1742
0.2130
0.9661
5.6249
1.8173
0.3257
0.9979
0.6584
1.1645
0.3286
0.1051
0.9025
1.1179
0.3705
0.5710
0.8570
0.0631
4.8702
0.1602
0.8483
1.4784
1.7738
0.3055
0.5622
2.0846
0.8801
0.2465
1.8687
0.3809
1.1662
1.2037
0.0479
1.8218
0.0230
1.8521
0.1881
0.6274
0.1185
0.0336
2.3282
1.0248
0.5872
0.5741
1.7276
0.2495
3.1358
0.3634
1.2380
0.5384
0.1366
2.7128
0.2156
0.8915
0.3912
3.8175
0.9827
0.1287
0.6286
0.9399
2.0801
0.5160
0.2280
1.1095
0.9367
0.1827
0.8388
1.4236
0.8130
0.8293
0.1585
0.3386
0.0116
1.7520
1.0634
1.5902
0.1152
0.8755
1.4882
0.5068
0.7893
2.4007
0.4590
0.8195
0.0828
1.8103
0.3051
2.4152
1.3066
2.5929
2.0466
0.2962
0.9761
0.2624
0.5671
0.0475
2.9265
0.2086
0.7637
1.1804
0.5512
1.9408
1.5559
0.8473
0.1053
0.0061
1.5946
1.1919
0.1204
0.1141
0.4218
0.0573
1.3744
0.9566
2.0519
0.3165
0.0916
0.5036
0.1844
1.6212
0.4462
0.0266
0.6672
0.8722
0.0553
1.2270
0.3221
0.1974
2.5339
1.0468
3.2413
0.2659
1.9678
0.2704
2.3853
0.1365
1.3690
0.7504
0.7552
1.6406
2.0331
0.0428
0.9353
0.1983
0.2126
0.2116
0.4787
0.6867
0.5093
3.8552
1.8146
1.1592
1.8640
0.0199
0.7152
4.0840
1.3252
0.7797
0.5839
0.5682
0.1068
0.4725
3.6481
0.0024
1.1191
1.3192
0.3601
0.6558
1.5163
0.4929
0.2939
1.2705
1.4321
0.9600
0.5343
0.3044
0.8698
0.2474
1.6768
0.6876
1.0944
0.4701
0.8125
2.1063
0.4226
0.4080
0.0687
0.1600
0.3989
1.7046
0.1446
1.7367
0.6140
1.3179
0.2630
0.9471
0.4704
0.4965
0.2126
0.3685
1.6842
0.1892
0.1351
0.1727
1.3479
0.8932
0.0293
0.6743
1.3595
0.8563
0.0058
0.7443
0.1265
1.0618
0.6350
1.3356
2.3158
0.8927
1.0862
2.3860
1.8623
0.8151
1.3225
2.4962
2.4722
3.0418
0.0040
1.1436
2.3382
0.7150
0.0681
0.5669
2.8285
0.0836
1.4220
1.8904
0.4017
0.0783
2.5199
0.0167
0.0025
1.3607
1.9093
0.2020
1.1634
0.1145
1.2585
0.0548
4.1301
0.3855
0.3403
0.5543
0.0008
1.6430
0.4354
0.5659
0.5708
0.7424
0.3951
0.7668
0.1105
0.9238
1.1065
1.9586
2.6705
2.6943
0.5423
0.0553
0.3758
0.0831
0.6840
0.4541
1.2785
0.1432
0.7474
0.6872
3.2702
0.3370
1.0787
1.7194
3.2418
0.8015
0.1277
0.2884
0.4998
0.1800
2.0437
0.7141
0.5616
1.4194
0.1395
1.4700
0.2283
5.9955
0.5700
3.8311
0.2412
1.4167
1.2253
0.2422
0.4279
1.9619
1.3559
0.4676
0.0004
0.0525
0.4077
0.4800
2.0454
0.1289
0.0900
0.6921
0.2665
0.2192
0.4798
1.3290
0.3631
1.0181
0.6723
0.0910
0.2971
0.3498
0.7023
1.5106
0.5905
1.4394
0.5333
0.0466
0.1758
1.9413
1.4932
1.5315
0.6726
0.9465
1.4695
0.1130
0.0809
1.9863
0.6619
0.6960
0.4865
0.1746
0.2937
0.0158
0.0043
0.2387
1.6987
2.0643
2.6842
0.5752
1.3321
0.8710
0.8740
0.2684
2.6641
0.5541
0.5462
0.4844
0.3905
0.0866
0.4130
0.8657
0.2886
0.2634
0.0465
1.6558
1.6671
0.8825
2.5893
1.3431
0.2721
1.8644
0.4760
0.5748
0.0595
0.1751
1.3850
0.1060
1.7400
0.3409
0.6190
0.7560
0.1218
1.6604
1.2597
0.7482
0.0225
1.0046
0.9313
0.3812
0.2490
1.6050
0.4732
0.4793
0.0365
1.2075
0.6253
0.4704
0.6894
0.0089
0.1532
2.3866
0.4638
0.0230
0.0045
0.1064
0.8592
0.4816
0.2750
1.0333
0.0916
0.8570
0.4139
1.0880
2.2972
1.3050
0.1747
0.1122
0.1626
0.3519
0.9703
0.7150
0.8180
0.8772
0.5477
0.5895
0.4213
1.0818
0.4995
2.3291
0.4192
3.2664
0.4489
0.4663
0.0780
0.3261
0.4991
0.0794
0.1387
1.0566
1.8724
0.0225
0.8798
1.2825
0.5137
0.1194
1.0743
0.0784
0.5497
3.0405
0.0754
1.0548
0.8295
0.2694
0.3337
0.4207
0.0531
0.1599
0.0315
1.6572
2.9939
2.3419
0.4552
1.7516
2.3871
0.0816
0.3955
4.2451
0.1401
0.6920
1.6517
0.6369
1.6631
0.1156
1.7162
0.1063
0.0012
1.4151
0.1363
0.5364
0.6043
1.2669
0.2718
0.5427
0.2442
1.3447
1.9410
1.2258
1.0732
1.1267
3.1816
0.7622
2.2647
0.0690
0.6265
0.1406
0.5104
0.4847
2.2084
1.5869
1.3376
0.0483
0.3281
0.6167
0.2078
0.9926
0.0200
0.4645
0.5743
0.7566
2.6072
0.0037
0.3030
2.6568
0.2176
0.2944
1.5733
1.2385
1.6013
1.6573
0.0747
0.5348
3.7099
0.4427
1.0582
0.0897
2.2916
0.2102
1.6319
0.1145
0.3472
0.4799
0.0000
0.3196
0.2043
0.1403
0.0333
0.0786
0.9336
0.4630
1.4016
1.9405
0.3865
0.9427
0.6124
1.6447
0.0456
0.7844
0.0994
0.8661
1.1492
1.7589
0.2301
1.5333
2.0539
0.0429
1.6738
0.6141
0.3863
0.0357
1.3381
1.1917
0.7108
1.8233
0.2078
0.0342
0.0984
0.6538
0.4252
0.8486
0.1470
0.1366
3.6479
0.0084
4.7606
0.1929
1.5199
1.2993
0.6536
0.9037
1.3632
0.3425
0.6884
0.8076
0.3285
0.9434
0.5174
0.0957
1.2256
0.2047
0.0620
1.2382
1.1238
1.3487
2.5820
0.4133
2.0385
0.4988
0.3214
0.5311
0.1300
0.1820
3.0152
0.2999
2.5743
0.6050
1.8348
0.2729
0.6837
2.0268
1.5536
0.8267
1.7019
0.4978
0.5373
0.7829
1.8194
0.1661
0.0980
0.7995
0.8257
0.0225
2.1456
0.5203
0.1367
2.2271
0.1797
2.5587
2.7495
3.3829
0.4905
1.0328
0.5423
1.6251
0.2662
2.3703
2.1428
0.2416
0.1437
0.1174
0.9596
1.6875
0.3723
1.6510
1.8356
1.0712
0.7715
0.1650
1.0671
1.2852
0.9985
0.6866
0.1166
0.0626
1.2717
0.9574
0.5656
0.9261
0.8544
0.1579
0.5041
0.4611
0.6644
2.6389
0.9356
1.4464
0.0131
0.0968
1.7715
0.6106
0.8592
1.2381
0.8044
0.4304
0.4054
1.4503
0.7343
1.0799
1.3775
0.4721
0.9588
0.9678
0.0015
2.3078
0.8901
1.9022
0.7568
0.5396
0.7858
2.0132
1.0403
1.0828
0.6942
0.0000
0.2940
0.2945
0.8905
1.2749
0.6160
0.6471
1.3926
0.2507
0.0111
1.2411
0.1713
0.2660
0.3347
0.0587
0.4458
1.9892
0.3014
0.8968
1.1145
0.3982
2.5111
1.0079
0.2901
0.0591
2.2919
2.5019
0.2472
0.2616
0.7966
1.0374
1.4221
1.2528
1.1469
0.1118
0.9161
0.5122
0.4443
0.1286
1.0207
0.1699
0.4950
1.2206
0.3898
0.5865
0.6282
1.0036
0.6907
1.0836
0.1002
1.2183
1.0881
0.5690
1.0762
0.2531
0.4233
0.4542
0.4013
3.3563
0.0000
0.1355
0.8938
0.4855
1.3102
0.3912
0.1753
0.3696
0.0256
1.8015
0.3407
2.5570
0.2499
0.7685
0.4975
0.3061
0.8294
1.0577
1.2699
0.0009
0.0824
0.5853
1.0875
0.3754
2.5748
0.3718
0.8912
0.0085
1.9208
2.1308
0.3783
0.1406
0.1226
1.5085
1.5634
0.2602
0.1125
0.0539
