0.6661
8.1930
1.6384
1.2400
7.4804
3.0161
3.3678
9.0194
0.0228
0.2664
4.2451
2.8332
18.1422
1.6299
5.7508
3.6730
5.9241
2.8336
1.2894
4.8335
1.9137
1.1331
4.2796
5.3268
0.0135
2.0298
0.3478
0.1235
0.0292
2.7851
0.9604
1.0747
0.1787
2.0324
0.0380
2.2399
1.1027
0.5562
1.6702
3.6280
0.2658
0.0522
1.4288
2.8420
1.3235
0.0101
2.6785
1.0631
1.7061
0.6250
0.1021
0.6165
1.1952
5.6864
0.7135
3.4079
1.1646
1.3323
0.0876
0.3450
1.1902
0.7515
1.2770
2.3488
2.0803
0.5888
3.6998
1.8041
0.3524
0.7735
6.1073
1.9785
1.2003
0.9504
2.2169
1.1310
0.6465
0.0360
0.8551
0.0931
6.5943
0.9822
0.9905
1.1683
0.3773
0.6109
0.9639
0.1474
1.6094
2.5147
0.1969
0.6851
0.9023
0.7186
2.8028
1.8732
0.0675
0.0876
3.7210
2.1996
1.9034
1.2511
0.8515
0.1303
0.3068
0.0214
0.4594
0.1299
2.9343
1.2641
0.6592
3.4179
1.1195
0.1008
0.2539
0.1681
0.1380
0.3067
0.2974
0.7818
0.0885
2.6309
0.6986
0.0701
1.1031
0.4247
0.5096
1.1847
1.6719
0.3556
0.3488
2.6745
2.7938
0.4640
2.5241
5.5468
1.2313
0.9125
0.7615
0.1951
0.0153
0.2021
0.1613
0.8246
0.7304
0.2810
5.0230
1.1638
1.3760
0.4515
0.3553
0.9465
1.1006
1.1398
0.2914
0.2213
4.9524
1.8021
0.2706
2.1915
3.6458
3.5779
1.4236
3.2438
0.0307
1.5817
1.5568
0.8629
2.8794
0.2845
0.1759
0.7968
1.3922
2.3362
1.3970
4.0007
7.0581
2.4522
0.6804
0.6720
1.1909
3.0472
0.1356
2.6635
2.1883
0.0211
1.1431
0.6653
3.5418
3.8032
0.4541
0.0003
0.5628
0.5805
1.4617
1.2389
0.0160
2.1639
6.3971
0.1982
1.3423
2.1751
0.5375
0.4769
0.3128
3.4479
1.6240
0.4404
1.0261
2.2252
1.1330
1.6626
2.7177
0.1239
0.6768
1.8790
0.7627
1.1402
1.2511
1.2927
0.8664
0.0777
0.3677
0.8836
0.3850
0.1419
3.5814
3.4138
1.7935
1.2144
1.1765
0.2426
0.0784
2.6576
1.1421
1.3609
1.2085
0.2977
0.0001
1.9188
1.4591
1.9019
0.0074
0.5020
0.8209
0.5550
0.0000
2.3679
0.1949
0.9696
2.3466
1.8682
0.9413
0.3279
0.0192
1.0937
0.0127
0.5601
1.6582
2.6272
0.0519
0.3055
0.9317
0.5889
0.0013
5.2011
1.3117
5.0156
2.3844
2.3136
4.3644
0.8983
1.3792
0.0446
0.0626
0.0267
0.1945
2.6827
0.0872
0.4242
3.6962
0.0906
2.0396
0.9264
1.9365
0.9056
1.0611
0.4796
2.4694
0.7705
0.8562
2.0509
2.6854
1.6650
0.0984
0.0598
0.5575
1.8049
1.3041
1.5959
0.4887
1.7478
0.0090
1.9821
1.7225
0.5557
2.1777
2.6856
2.2806
1.0720
0.9238
0.6150
2.0889
1.9254
0.2023
0.0314
1.0302
0.8752
0.4117
1.3541
2.6272
0.7305
0.9325
1.7905
0.0477
0.0573
1.6850
3.4702
2.2190
0.6211
0.2088
0.5193
0.5551
1.0846
1.1787
1.4436
1.7719
0.5604
4.9454
2.4319
7.1803
1.1268
1.2223
1.4103
3.1059
0.0000
0.2389
0.0136
3.7812
0.0196
0.9716
0.5857
0.3714
1.7037
2.6754
1.2878
0.9780
3.8753
2.6265
7.3394
0.6481
0.2456
1.9925
2.5894
0.0142
0.0062
5.0760
0.3085
1.0942
0.5444
0.0712
0.3005
1.5858
0.2383
7.3067
1.0555
0.1041
3.9079
2.2807
0.1328
0.7605
2.4590
0.5627
2.6214
2.4858
0.1390
0.2166
0.7753
2.1338
0.2288
0.6881
0.7149
1.6100
1.9806
0.2548
0.7840
1.6853
0.0022
0.3869
0.3180
0.7250
1.4423
1.6908
1.4229
0.7365
2.4383
1.0581
0.1023
0.9569
0.7802
2.2826
1.6080
0.0323
0.4453
0.7262
4.3057
0.0906
1.0002
2.7744
4.8818
0.8307
0.1697
4.2172
0.0189
4.6492
2.0424
0.0684
1.0030
1.3439
4.4280
2.0380
0.8083
3.2016
2.4759
0.9299
3.9137
0.3886
4.3016
2.2981
1.2951
3.5672
0.0749
0.6545
0.1132
1.6707
0.0039
2.4669
0.2077
0.9884
0.7323
0.1482
0.3033
0.4687
1.4485
0.3594
2.4620
2.1073
2.2715
0.7495
0.2091
1.7122
0.2807
0.2524
2.2175
0.0355
5.7727
0.0428
1.8124
1.0842
3.2673
1.5164
0.5678
0.0149
1.2130
1.3987
0.8502
2.0648
0.0909
0.6491
0.0977
0.0276
1.5207
1.8425
1.3595
2.7658
0.0360
1.4012
0.4259
0.4977
1.6093
2.0941
3.8553
2.0228
3.1310
2.1484
3.2216
0.2697
1.0294
1.8188
1.1973
0.4901
0.9262
0.9948
0.0475
0.9669
1.7874
0.4166
2.4508
0.2322
0.0414
2.6016
0.5777
0.6199
5.5073
0.4830
6.9929
0.2371
0.2053
5.7963
1.1367
1.8945
0.4286
0.0878
1.9981
0.2980
0.6010
0.0575
0.1748
5.6494
0.1012
1.9211
1.2237
0.0731
0.3148
0.9755
1.5519
4.3142
0.2348
1.7915
0.2078
0.0978
3.9529
0.6290
0.2523
0.2380
0.2271
3.3007
0.7287
2.6955
0.4582
1.3467
3.2694
0.7771
1.4518
3.0543
0.2347
2.8302
0.1040
0.1181
0.4554
2.3472
1.4823
0.3631
0.7091
0.1473
0.3565
0.4401
3.5447
0.6686
1.0530
1.2291
0.0300
0.0219
0.5580
2.3331
1.3093
1.0001
1.5926
2.8962
0.0230
2.5083
0.0596
0.5685
1.3673
1.0709
0.9638
0.7077
0.4593
0.4150
1.8428
0.3506
0.3453
1.4037
3.1246
0.1294
1.2476
0.1908
1.6424
0.8024
1.5389
3.8712
1.6242
0.0982
1.0690
1.1586
1.8201
0.3543
0.0280
2.4761
0.0250
0.6689
0.3762
0.0907
0.6723
0.5008
1.0513
0.0397
1.1680
1.1397
0.8632
2.1217
0.0772
0.1350
0.0527
0.2208
0.9109
1.6540
1.1448
0.8746
0.6611
0.0503
0.5762
0.0604
2.6388
0.7776
0.6902
0.4331
1.7554
0.7362
1.1275
0.1739
0.7340
0.0646
0.1954
2.8064
0.1001
0.5710
0.0010
0.4650
1.2236
0.7765
0.4861
1.3311
0.1131
2.6327
1.5089
4.2844
0.0156
0.9028
0.2992
0.2853
0.0061
1.0392
1.6930
1.9231
1.6624
1.1787
0.1319
0.6541
0.2667
0.9907
1.3429
3.6296
0.0598
3.5273
0.6093
0.4102
2.1506
1.6917
0.6958
3.5848
1.0118
0.9696
0.0000
0.0927
0.0884
7.5410
0.0618
2.2497
0.5785
1.6318
0.0436
2.1858
1.0304
1.2353
2.0057
1.0009
2.0990
2.1891
0.1145
1.0860
3.4135
2.7219
0.2435
1.8754
0.3719
0.0905
0.4071
0.1663
5.9312
1.1147
0.3810
1.2918
2.5891
0.8886
0.8582
0.9055
0.5563
4.0384
1.4267
0.0174
0.3622
0.6436
0.2263
1.0919
4.6924
0.0009
4.2903
0.0074
0.0404
1.9946
0.6170
0.2775
3.0197
0.1823
1.8138
0.5384
0.3461
0.3982
2.5821
1.2728
0.9492
1.0347
1.2252
3.5280
0.2421
0.0046
0.4740
1.0114
0.6480
2.9085
1.5691
1.2971
4.0330
0.0081
0.5678
0.5390
1.6533
0.6043
0.2548
5.9812
1.1464
0.7896
1.9049
1.5588
0.0266
2.8757
2.0444
0.2121
0.7535
0.9457
1.8172
1.9879
2.0376
1.7641
2.6513
1.2175
1.1213
1.8723
0.5527
1.4532
2.6431
4.6426
0.5396
1.0936
2.4562
0.7460
0.3669
4.8404
4.9121
0.0779
0.1762
2.0446
0.2215
0.4118
0.0388
1.8350
0.1505
0.7349
1.0674
0.1695
2.0236
0.3561
0.1929
4.1727
0.9098
1.8758
0.9872
2.4848
2.6130
0.2657
0.1699
1.0648
2.6829
0.8754
0.0458
1.2975
2.6563
1.0641
0.0016
2.6263
6.0746
0.4786
1.1145
2.0197
1.5488
2.1614
0.5875
0.1759
1.2611
0.1544
0.7583
2.8016
1.2985
0.7634
1.2188
0.1008
7.8936
0.5670
2.7928
0.7821
0.9014
0.1950
2.9897
1.1880
1.4676
1.3549
0.9490
0.6122
0.3500
3.0509
0.4322
0.5980
0.8961
1.2059
1.4225
0.8227
1.3436
6.8705
0.0668
0.2923
0.3520
0.5514
1.4763
0.0002
0.0121
0.5621
0.2512
0.0128
1.1610
0.2490
0.4789
1.4604
1.2492
0.5801
0.2360
1.1803
0.0000
1.6601
0.1180
0.3086
0.5742
5.0193
2.5083
0.3894
0.1042
0.3994
0.4366
0.8977
0.2365
2.1646
0.7954
0.7819
0.9073
0.4406
0.7710
0.9206
0.1010
0.6805
0.1589
0.9889
0.2944
1.6723
2.1967
0.8850
0.3801
0.5300
0.7229
0.4491
0.2521
0.0242
0.1299
0.3977
0.3142
1.4934
0.6198
1.6920
2.1227
2.7047
2.0094
0.0121
0.9256
0.9657
0.7855
1.6088
0.7770
0.2187
1.1676
0.6417
0.5106
3.0860
1.8541
1.5706
0.9707
2.8791
0.5956
0.1340
0.1578
0.0054
0.8087
0.4192
0.4193
1.0391
0.0185
1.1704
2.3603
4.6232
1.6678
0.3575
2.0864
0.7707
1.6643
1.2582
0.6326
1.9718
0.0860
1.1139
1.7239
0.7562
2.2145
3.9929
0.0415
0.3721
2.6764
1.3181
0.2315
1.7971
2.3147
0.3464
0.7231
0.2867
0.1083
3.3061
0.0040
1.0110
0.2696
0.3191
3.3062
0.8254
0.9239
0.7272
0.4214
0.0522
0.0652
0.1123
5.1397
1.2696
0.0462
2.1422
0.9992
0.0273
0.0215
0.3685
2.4907
0.2476
0.0017
0.9843
1.0834
0.9939
0.2275
