1.3958
0.9706
0.6062
3.6459
0.0001
4.2239
3.3181
4.6839
3.2452
0.0336
0.6657
0.3474
0.4112
0.6343
1.5320
0.2199
2.3888
0.3610
1.4847
0.7816
0.3799
1.0504
0.4365
0.2309
0.2233
0.3625
0.2779
2.5311
0.1948
0.9934
0.5045
1.3465
1.7930
0.7873
0.8802
0.7524
1.4190
0.3388
0.1117
1.6201
0.8646
1.2214
0.3073
0.0496
0.5740
0.0550
0.6805
0.4983
1.2798
1.1884
0.4139
0.6746
0.7109
0.9218
2.1042
0.4501
0.9465
2.1284
1.1650
0.5858
0.3217
0.7760
0.0605
1.3323
2.2222
0.9948
0.7843
0.3616
1.8831
1.9253
0.9744
0.4152
1.2737
1.6467
0.8715
0.6386
0.1023
0.9097
0.0315
0.1028
0.5328
1.5703
0.7420
0.1618
0.1811
0.5464
2.6003
1.3164
0.0435
1.2123
0.2523
1.9861
6.8883
0.5365
0.0502
1.2002
2.3706
0.0971
0.7149
0.5676
0.4842
0.0881
2.4356
0.3843
1.2044
0.1925
2.0682
1.0616
0.1949
0.2469
0.2771
0.6792
0.3574
0.3096
0.5060
2.1520
1.8805
0.1364
2.4097
1.6126
0.6281
0.2055
1.2215
0.4089
1.4115
3.4539
0.0279
1.9885
0.0127
0.7915
1.2702
0.7581
0.0660
0.1913
0.0300
1.2869
0.7256
0.8660
0.6393
2.3957
0.1470
0.8664
3.7673
1.3995
1.0162
0.0755
0.1774
0.1451
0.0468
2.2693
0.0000
0.2635
1.8784
0.9889
2.1686
0.0000
0.0904
0.0990
0.6871
0.1011
0.4343
0.6632
0.0293
0.6976
0.3221
0.0444
0.2447
1.9823
0.5447
5.7279
0.6670
1.2320
0.0532
0.0421
0.4120
0.4440
0.4178
0.3870
1.0178
0.7321
1.3352
2.8561
0.1552
2.2354
0.7324
0.2525
0.7627
0.1814
0.0787
0.0236
0.0644
0.5509
4.6973
0.4286
0.4903
0.1838
0.4265
1.4379
3.7184
5.1945
0.0475
1.6089
0.4955
0.3622
0.3156
0.4424
0.3329
1.7891
1.7860
0.0324
1.8356
0.1517
0.8156
0.0573
0.0780
0.8172
0.1823
0.1904
3.0204
0.0279
0.2684
1.9886
0.0069
0.6482
0.3798
0.1110
0.4455
0.1749
0.2450
2.4747
1.1112
3.9955
0.0693
0.3839
1.5032
0.5476
0.1290
3.7229
1.2276
0.6007
0.1722
0.7058
2.6144
0.8412
2.8476
0.6570
0.0171
1.4239
0.1085
0.7285
0.0430
1.2946
0.0004
1.3312
0.3873
0.8086
0.0717
0.7267
0.8874
2.0064
0.6205
1.8151
0.0000
0.8960
1.2109
1.3659
5.0189
0.2489
0.1062
0.2431
0.8145
1.3318
0.3702
0.4720
0.1038
0.4110
0.0300
0.7306
0.2360
0.2158
0.0294
0.4445
2.1060
0.2978
1.0618
1.3667
0.9762
0.2056
0.6266
0.6615
0.9446
0.2407
2.7321
0.0061
0.7502
0.5710
0.3591
0.0440
1.5049
1.0363
2.1347
0.2542
0.4819
0.4443
0.4756
0.5226
1.9787
0.1026
0.0506
2.5254
0.4004
1.0630
4.4913
5.1617
0.0687
0.0032
1.1034
2.3959
0.0635
2.6274
0.3454
0.1515
0.0004
1.3669
0.0858
0.4634
2.8401
1.1789
1.1469
0.0073
2.0594
0.7056
1.1362
0.2875
0.2900
0.3286
0.1009
0.0790
2.4971
0.5654
0.4893
0.1908
2.4273
0.4432
2.0509
1.2692
1.9812
1.3738
0.2844
1.8189
1.0917
0.4966
0.4152
2.1972
0.6837
1.0994
0.4743
0.9387
0.6480
0.3073
1.1473
0.3894
0.0008
1.7511
0.0342
1.4961
0.1045
3.1639
1.1133
0.7909
0.0589
0.3814
0.1719
0.0478
0.4668
0.1743
0.0336
1.5034
0.5910
0.5376
1.3333
0.1462
0.7946
0.6282
0.8751
2.4206
0.8812
0.2722
0.1459
0.5138
0.3031
0.1954
0.1672
0.4821
1.1168
1.2764
0.5851
0.3363
0.4177
1.4257
1.0619
1.2873
0.1576
0.1592
1.4014
1.6626
0.7247
1.0109
3.4321
0.0277
0.0949
1.1184
1.0262
0.1194
1.4399
0.9380
0.5322
0.5432
0.3836
0.3473
0.7419
0.3788
0.0000
0.1031
1.0567
0.1761
0.5260
2.0209
0.2033
1.4727
0.8841
0.1582
0.4350
0.1971
0.8114
0.4677
0.0436
0.2264
1.6897
0.4484
1.4148
2.1890
0.3269
4.3506
2.7950
0.7491
0.5447
0.8735
0.3926
0.1046
0.2436
1.0266
0.0453
0.1089
1.6807
0.2288
0.2044
3.3791
0.0803
0.3586
0.2234
0.6351
0.9940
0.5116
0.3025
0.3986
0.0208
0.1051
1.8673
3.8011
0.3133
0.2383
0.4059
0.9869
0.3026
2.3839
0.6828
2.1150
0.7993
0.2938
1.7502
2.4428
0.3862
0.5713
0.7717
1.3864
0.3379
0.3880
0.1697
0.9317
0.1229
1.9769
0.9864
0.0250
0.3209
0.6268
0.0532
1.1112
0.1716
0.0613
2.2424
0.3760
1.7300
1.8077
0.6707
0.6374
0.8798
0.0000
0.1333
1.2536
0.7226
3.7848
0.5489
1.9944
0.2126
0.3163
0.1479
3.2306
0.9303
1.0004
0.4442
0.2944
0.5584
0.6016
0.5925
0.3321
1.5025
0.6566
0.2554
2.1158
1.3035
0.8829
0.0294
0.1516
0.5874
1.9834
0.5918
0.4828
1.1778
0.2395
1.3532
1.3924
0.2576
0.0166
0.0341
0.6160
0.0278
1.5610
0.1648
0.0565
0.0328
0.2602
0.7582
0.1216
2.3987
2.3120
0.7721
0.9261
0.2359
0.3270
0.9917
1.5199
3.0300
0.0041
0.8284
0.0128
1.1638
0.8383
1.5076
0.3997
0.1870
1.1256
0.1937
0.0766
0.8341
0.1798
0.3114
1.0051
1.5946
0.8198
0.8758
1.7888
1.1941
0.5936
0.6456
0.5183
0.5149
1.1754
0.4028
1.3955
0.2036
0.5422
1.6644
1.1267
3.5933
0.4007
1.3967
1.5350
2.2398
0.0953
0.1313
2.0415
1.3719
0.4028
0.3955
0.9222
0.1036
0.2133
1.7696
1.3453
0.4050
0.0148
0.2898
2.7393
1.3697
0.8320
0.2993
0.7946
1.9394
1.4483
1.0809
0.0098
0.3929
5.6670
0.0017
0.0354
1.4280
1.2092
0.1054
0.0691
0.3291
0.1387
1.8540
1.9968
0.0341
0.1927
0.7051
0.0277
0.9225
1.0282
0.0332
2.9905
0.5253
1.0549
0.5583
4.1527
0.6359
0.7478
2.3551
1.2003
2.3053
0.0332
0.2163
1.3605
0.6756
0.4901
0.6228
0.4325
1.9572
1.9542
0.5220
0.2964
2.3659
0.4444
0.7763
0.4874
0.0156
0.7497
0.6513
0.3470
0.1155
0.2707
0.4474
1.4473
0.2187
2.6822
0.4892
1.0766
2.1683
0.4246
0.5927
0.1628
2.2414
2.2107
3.8500
0.8347
0.7286
1.6375
1.1545
0.0514
2.4638
0.1737
1.1817
1.6082
0.3050
1.7655
0.1340
0.1967
0.1725
0.4404
0.0133
0.5103
0.7256
0.2063
0.4965
0.3746
0.0605
0.5630
0.4819
0.0643
0.0171
4.3272
1.1609
0.1906
0.3890
1.7288
2.2253
0.7240
1.2733
0.8913
1.0722
0.3368
0.7664
0.9767
0.4924
0.4810
0.4315
1.5438
3.2087
0.8973
0.5784
0.4208
4.4343
0.9007
0.3802
0.7377
0.1208
0.0049
0.0529
0.2125
0.2274
3.1618
0.8852
1.8685
0.3387
0.6237
1.0530
1.8149
0.9683
1.2890
0.3962
0.1537
1.0563
0.2189
0.2226
0.1210
0.3210
0.1470
0.5665
0.5964
0.0000
0.2130
4.0828
0.8337
0.9486
0.8391
3.5108
1.9867
3.6554
1.2655
0.1160
0.1996
0.3205
1.0279
0.3362
2.0011
0.3125
3.0422
0.0575
0.1846
1.4081
0.8125
1.2568
0.1526
0.0259
1.0584
0.9845
1.1508
0.9867
0.0261
0.0680
0.2062
0.6427
1.2821
0.9295
1.0911
1.1744
1.4122
0.2496
0.2121
0.0679
1.0087
0.0463
2.1092
1.3704
0.0746
1.0892
0.1404
0.6467
0.7954
0.9452
1.5715
0.5660
0.0604
0.9642
0.8258
2.9097
0.2776
1.7322
0.3054
0.2211
0.5371
0.6870
0.4400
0.6878
2.5686
0.7057
1.2743
1.8083
0.5950
0.4402
1.4624
0.8614
0.1385
1.7391
2.6770
1.1150
2.3024
1.1064
0.5504
0.0498
0.5327
1.0486
1.7665
0.1169
3.1474
1.3499
0.1255
2.6845
1.2590
0.1464
1.2283
1.6201
1.0019
0.0267
1.3880
0.2106
1.0649
0.2457
0.9037
0.2161
0.2879
0.2904
0.0258
0.0096
0.9461
0.7740
0.4070
0.7657
0.4754
0.6975
0.0207
4.5285
0.1015
3.9258
0.4316
0.9713
0.8072
0.9936
0.5437
0.6720
1.6730
0.6407
0.6734
0.0860
3.8517
1.2716
0.1035
1.8690
1.2400
0.0000
0.1710
1.8370
0.3539
0.6121
0.6845
0.0701
0.1802
0.5634
0.0417
0.1924
0.2957
1.7184
0.2253
2.1671
0.0022
0.1771
1.3327
1.3982
1.4290
0.1051
1.1112
0.2455
0.6149
0.1226
0.4613
0.8457
0.8257
0.2553
0.1387
0.8351
6.0651
0.6868
0.2119
2.6410
0.4913
0.2880
0.6847
0.9475
1.2332
0.2367
0.5874
1.8835
0.8789
0.3608
0.0037
0.4306
0.1807
2.3814
1.8796
0.6232
1.6196
0.3264
0.4324
1.3280
0.1287
1.0062
0.4962
0.9743
2.2904
0.1720
2.8537
1.1633
0.0641
0.5962
1.0743
1.1865
0.4159
1.1586
1.4892
0.3895
0.0511
0.2798
0.4550
0.2670
2.7679
0.9795
0.8119
0.9246
0.4345
0.2082
0.7015
0.0569
1.2215
0.5996
0.1876
0.3346
0.5041
0.9760
2.8420
1.1255
0.3441
1.2284
0.9775
0.1579
1.1450
1.6436
0.1652
0.1864
0.2763
0.5939
4.3516
1.3193
2.4317
0.0341
0.4419
0.3596
1.5894
2.8638
1.6034
