2.2829
0.3337
7.1998
0.1464
4.0308
0.3181
3.9441
2.2781
1.9547
1.4229
7.1220
3.5451
6.9927
5.7484
0.4478
0.3363
1.4185
0.2534
0.7427
0.5536
6.1205
0.0016
0.5227
2.4597
0.1753
2.1862
1.6718
3.1558
2.2920
0.6095
0.8215
1.7052
1.1286
0.3791
0.7849
0.6397
0.4461
0.2897
1.8755
4.3787
0.6320
0.1272
2.2755
0.7469
1.9287
1.7399
2.2935
0.4968
0.1463
0.2758
0.7353
1.6618
0.5107
0.9315
0.6977
0.8197
0.9462
0.0197
0.0886
4.0038
0.0747
0.8177
1.4579
0.2456
1.9943
0.2310
0.9103
0.2204
0.3196
1.8309
2.6869
0.5823
0.0256
0.3176
4.4831
2.2266
0.9572
0.2141
0.0619
1.5444
2.6138
2.5876
4.2799
2.9428
0.4503
0.9358
0.2222
0.3141
0.4131
4.6191
0.5894
1.0532
0.5559
0.2113
0.8191
2.4905
0.1515
3.0654
0.2255
1.8523
0.3609
0.3404
0.5515
0.9373
0.3437
1.1431
0.6251
1.1551
0.6543
0.9236
0.8129
3.1703
0.2538
1.1339
1.0496
1.7766
0.3365
1.5535
0.4748
1.5830
1.3557
0.8014
0.1861
3.5843
0.6683
0.4681
0.2528
2.2193
0.7670
0.7421
0.4606
0.0881
3.7337
2.7835
0.1837
0.7611
1.5124
0.4799
0.0454
2.8547
2.1886
2.1957
2.1749
0.3512
1.4631
1.0192
0.5473
0.4324
1.1669
0.1511
1.6851
0.2318
0.1327
2.5358
1.2429
0.3965
0.1564
0.3531
1.0826
0.8742
0.5737
0.1500
0.9653
0.9685
0.4827
0.1084
0.9743
0.7454
3.1251
1.2944
0.3284
1.6687
0.1892
3.5751
0.7479
0.9877
1.0641
0.3679
0.7657
0.4441
0.4448
0.1630
0.2078
0.7795
0.7979
0.7635
4.6363
1.0774
0.2129
1.3604
0.6844
2.1048
0.9292
0.8581
1.5720
0.4848
0.4265
1.9965
0.4167
0.3661
1.7718
0.5646
0.5820
1.1907
1.0276
0.8323
0.8991
1.5731
1.9150
0.5822
0.9959
1.7216
0.8945
0.6148
0.5237
0.2552
0.0680
0.9500
1.9183
2.1654
6.1027
0.6600
0.2549
0.1904
0.5798
0.5047
3.2748
0.5703
2.2389
2.3645
0.4232
0.4394
0.6634
0.1939
3.9024
1.1537
2.1461
0.3948
0.0622
0.5432
0.3983
0.2496
0.7618
0.3823
3.0029
0.3500
0.5220
0.9889
0.0003
2.8329
0.2243
0.0086
0.6664
3.9835
0.5296
4.4187
0.7289
1.0718
2.1322
0.5086
1.3765
0.2841
2.4445
0.5672
4.7008
0.8918
0.0000
1.7181
0.0770
0.9512
0.2766
0.3848
0.8783
2.7622
0.4757
0.1177
0.0766
1.3504
0.8943
0.2644
0.2025
0.1264
0.1201
1.0716
0.6205
0.8559
1.4749
0.1172
0.4290
1.6107
1.1514
0.1330
0.1494
4.5482
0.9631
2.2669
0.8078
0.0000
0.0149
0.6539
0.3036
0.5256
0.3754
0.2427
0.0458
0.1976
0.8839
1.5454
1.6753
0.0164
1.3208
0.3780
0.8965
0.2372
0.2471
0.9530
0.0765
0.2424
0.8412
3.5725
1.3377
1.8493
0.4686
0.9279
0.5431
0.0501
0.6101
0.7288
0.1574
0.7324
2.2007
2.0606
2.0357
1.4944
0.0090
0.3400
0.4084
0.7247
0.0042
0.0183
0.6229
1.3062
0.8956
1.2432
0.0406
0.3485
1.1255
0.0090
1.6967
1.6102
0.2153
0.6862
0.6624
0.8555
0.8893
1.3651
0.5024
2.6380
0.4969
2.4483
0.7528
1.1188
1.6730
0.8006
2.0210
1.0863
2.1276
0.3249
0.6986
0.2497
1.6173
1.4637
1.1319
0.9638
0.3146
2.5478
2.0902
2.2778
0.9922
0.2382
0.0016
0.0852
2.3374
0.7908
1.7576
0.4853
0.7648
0.9292
1.5025
0.4770
0.2112
0.3514
2.3994
0.6949
3.8611
0.3435
0.4762
0.1299
3.4804
0.2555
1.1114
2.6064
0.0541
0.2859
0.0987
0.3012
2.3615
0.1224
0.1548
2.4376
1.0913
0.7513
1.8880
0.1079
0.2019
1.7923
3.8586
1.4253
0.7312
1.6074
0.0832
0.7113
1.2317
0.4118
0.4705
2.6058
1.8406
0.4650
0.6441
0.5305
2.5002
0.4738
1.1998
0.5144
3.0992
3.6364
0.2604
0.5590
1.1812
1.3527
0.2725
1.0892
0.0200
1.6843
0.0166
2.8895
0.5926
0.8797
0.2131
2.4197
0.8556
3.3003
2.7797
0.6474
0.7729
0.0443
1.0579
1.5932
2.1630
1.7733
4.3294
0.2102
0.0454
0.1060
0.5901
2.4747
1.0338
1.6139
1.7980
0.1007
0.7582
1.5220
0.8675
0.0838
0.7493
1.2145
0.0620
6.1175
0.5028
3.2155
0.1955
1.5202
1.0665
0.0054
1.4857
0.3773
0.9951
0.3450
0.0862
3.8962
1.0439
0.5074
2.5984
1.1269
0.1288
0.7099
1.1726
0.0034
0.3449
2.6208
0.8882
2.2398
1.1570
1.7605
0.8262
0.0519
2.1379
1.6938
0.5193
0.9674
0.0046
0.0114
0.2203
0.0155
0.1002
0.2727
0.8313
3.6273
0.7607
0.9064
1.6372
0.5265
0.1908
1.4122
0.5895
1.3123
1.3638
0.5848
2.2826
0.5009
0.0149
0.5484
0.7394
0.3331
0.7121
2.2622
7.3752
0.0471
0.1400
0.0982
0.6602
0.0000
1.5900
0.1462
0.0338
0.6823
2.6072
2.9447
0.1766
1.7956
0.0085
1.6356
0.8664
0.5618
0.5429
0.3038
0.8003
0.2586
1.7357
0.3930
0.9420
2.8669
2.4574
0.8204
1.9902
0.6474
1.9597
0.9392
1.0429
2.7529
0.0426
1.3985
1.3498
0.4003
1.4630
0.5835
1.9028
0.2464
1.2138
0.2568
4.3741
0.4382
0.1717
0.6583
0.3763
0.5459
1.4425
1.1336
0.8636
0.8053
0.1979
0.6975
1.1454
1.1006
0.2948
0.7099
0.5158
0.6704
0.8561
0.3317
1.8281
2.8911
0.6865
2.9933
0.7112
1.4920
1.1525
0.5537
3.2710
0.0629
0.8087
1.0354
2.2743
1.0486
0.3601
1.0843
1.5748
0.4468
2.6555
1.9852
1.8465
0.0783
0.3429
0.7015
1.9473
2.6223
2.3531
0.4779
0.7141
0.3341
5.4467
2.2313
0.6657
0.0970
0.2224
2.1276
0.6160
0.3393
1.1945
0.2543
0.0000
0.1375
1.7746
1.2381
0.0305
0.2857
1.5542
0.4600
0.1194
0.0649
3.0520
0.9995
4.3848
3.6095
1.1068
1.3565
0.7309
3.1047
2.5757
1.6096
0.0933
2.2798
1.8868
0.8974
0.4389
1.9287
0.4026
0.1606
4.5365
0.1088
0.5947
0.2941
0.1599
0.0582
0.2334
2.1667
0.9565
0.4923
1.6088
0.0360
0.3207
0.7438
0.1899
2.9683
4.7034
0.0000
2.2309
1.2693
0.1791
0.5402
3.6526
0.0579
2.5249
0.3052
3.5744
0.1292
3.9892
2.4724
0.3542
0.1860
0.0154
0.8991
0.0000
0.2662
0.8040
0.8777
1.0232
0.2045
0.6294
0.3943
0.0106
1.7026
2.5223
0.6188
2.3960
0.1621
2.7610
0.6426
2.2656
0.9395
0.6945
1.6192
2.2569
0.1918
2.5292
1.7755
1.2514
0.8558
1.5753
0.5166
0.9597
1.6725
1.0356
0.2528
0.1657
2.8697
0.0897
1.4628
0.8631
1.7684
3.1226
1.0389
1.4334
0.7292
0.3947
0.8882
1.5703
2.0549
1.7351
1.5604
2.3167
2.6178
0.0065
1.6523
0.0438
0.9894
0.7103
1.0499
1.0427
1.2942
1.3728
2.2099
0.5896
2.0960
0.4406
2.3859
4.1493
1.1286
1.2021
1.0625
0.6650
1.2493
0.2907
0.0290
0.6733
1.3851
0.8574
0.7494
0.7542
0.2961
0.0687
0.2916
0.2397
0.2508
0.8505
2.1238
0.3677
0.3980
2.6468
0.9313
0.4638
0.8761
3.9068
0.9504
1.8329
0.3219
1.0546
0.2897
1.9229
1.7875
0.1311
0.1401
0.1920
0.0041
0.7235
2.3254
0.0381
0.0259
0.7540
0.5253
0.2602
0.6902
0.0399
1.9762
0.1577
0.0159
1.2608
0.3646
0.6723
0.6115
2.1912
1.0954
0.0288
5.1506
0.0190
1.3487
3.2056
0.8648
4.5358
0.6648
0.4671
0.6128
1.8141
0.9270
0.0275
0.4720
0.5302
0.5008
7.2216
2.8650
3.7391
0.2592
0.6145
2.1806
0.1095
1.2879
2.1881
1.3225
4.0258
0.3201
1.2367
0.1701
0.2360
1.1572
0.1831
0.6997
0.3978
1.5555
0.3008
0.1939
0.5084
0.4907
0.3107
2.8405
0.5635
2.1667
3.2072
0.1381
2.1647
0.5531
1.5464
1.8211
0.7121
0.1213
3.7005
1.5762
3.6098
1.1475
0.7337
0.3216
0.4573
2.4607
1.0592
0.0000
0.2306
0.2442
0.6610
0.1092
0.2577
0.0000
1.8796
2.4875
0.4287
0.0050
0.4103
0.4526
1.2246
0.0004
0.0011
0.1049
2.6259
2.9675
0.2384
5.2676
0.0751
0.5158
0.6291
0.5307
2.7154
7.1665
1.3518
1.2133
0.0494
0.5111
0.5170
0.6709
0.2649
2.0098
2.6065
1.3836
1.8732
0.7974
1.3919
0.3868
1.3040
0.3002
0.0109
0.2088
0.1754
0.5127
0.1739
0.4011
0.6889
1.4698
1.2489
0.8210
0.3409
1.1887
4.5535
0.5459
2.3418
0.0142
0.3545
0.2065
1.1637
2.1293
0.5724
4.7284
2.0767
1.5875
0.7414
0.0305
0.2826
1.1624
0.2792
0.2691
0.0071
0.5190
1.3765
0.4809
0.4345
0.6498
0.5496
0.4388
1.3421
0.8182
2.4329
0.9522
0.2068
0.6121
3.2332
0.7748
0.1763
0.0246
1.5089
0.0021
0.0237
1.8256
0.6496
2.1826
0.2791
1.0347
2.0154
1.3973
0.6881
0.6523
0.9001
0.3570
0.2512
0.2900
1.2465
0.6340
1.6874
0.8693
0.6841
1.2882
0.2714
1.3536
1.7806
0.2952
