1.3369
9.9854
4.6971
8.7105
2.5706
13.0481
11.6877
4.2723
1.6235
1.4095
1.8266
0.2144
1.9304
5.3343
0.4328
3.1794
4.1176
12.0251
3.3760
0.9593
3.6495
0.3957
4.6697
0.8140
0.6719
0.9240
2.2263
1.5781
3.3561
3.3685
0.9557
2.5808
0.5256
0.0934
0.0023
2.0617
0.8378
0.8689
1.4232
0.4266
1.0504
1.4146
3.3051
0.3027
1.2600
1.9880
2.8515
2.6186
3.2066
1.6037
1.0079
0.4475
2.5503
2.9213
1.6253
0.2710
0.1457
6.6674
3.2851
3.7200
2.7533
0.0543
2.9401
0.1033
3.5155
0.5351
0.2660
1.5513
1.4572
3.9483
8.0305
5.9071
0.0581
1.9379
3.9723
1.1359
0.1852
0.9847
0.5212
0.8848
7.0910
5.4068
0.2463
0.1533
0.3511
1.8247
0.4983
0.1063
2.8180
2.6802
1.5315
3.2096
0.6399
3.3453
1.6291
0.6524
0.5521
0.0272
2.6895
0.1183
2.5008
0.2327
0.2616
0.5875
1.4671
1.9293
10.0570
6.1438
1.0603
1.8346
0.9786
0.5245
0.5420
4.3186
0.9309
1.6253
3.1079
0.0199
4.2778
2.6413
0.4760
1.4070
0.0803
0.3378
1.3520
3.6345
3.0989
0.8454
4.0872
0.8302
0.0016
3.2653
1.0157
1.3196
0.3240
0.6486
9.3942
0.2534
1.0805
1.0067
0.0186
2.1422
0.0316
1.1938
8.2548
0.3770
0.6834
0.2408
1.0375
2.7997
0.2212
0.0000
1.3372
0.7544
0.8565
2.4370
0.1246
0.0574
2.1735
0.1832
0.1839
3.3927
0.9294
0.0027
0.0646
0.1569
2.8610
0.0311
0.8926
0.2630
3.3184
0.4506
1.1490
1.5210
1.8283
0.5236
1.4575
0.2093
1.7817
1.0276
2.3146
0.6856
2.0823
1.9938
1.8585
0.5410
1.2747
7.3576
0.0000
0.4021
0.8117
1.5165
0.5764
0.1145
0.2191
4.1544
0.5925
0.9347
1.4972
6.4001
0.2234
0.0567
3.3934
0.1405
0.8577
4.2788
5.4275
5.0010
0.2312
1.1883
0.2214
2.8312
1.3889
3.6288
0.9927
0.1817
1.2444
3.1200
0.1920
9.7796
0.0011
2.0219
1.3351
0.6222
0.0804
0.8198
1.3349
0.2681
0.8642
0.8681
1.5204
0.3442
3.2286
1.0648
0.5570
0.0513
0.0316
0.0012
0.1255
0.2355
0.2716
0.0439
0.2280
2.2002
1.2540
0.2954
0.1410
3.2547
0.2378
0.7837
0.0533
0.9750
0.9432
0.1533
0.6441
0.6631
1.8148
1.7663
0.1229
0.5608
3.1982
1.1807
0.9420
0.2701
1.0652
1.5968
1.8130
0.8581
0.1422
1.3357
0.8083
0.0693
3.4122
1.0037
0.3452
2.2663
3.8417
0.0337
0.7662
0.0044
0.3952
0.9866
4.9146
1.9794
2.4839
0.2861
0.8042
1.0489
2.2748
8.9617
1.8881
0.9291
1.8293
0.3693
0.0670
0.0214
3.1813
0.8248
0.1664
0.0003
1.0499
3.1349
0.4564
0.6631
2.7271
2.2071
0.0549
3.3674
3.9156
0.1404
2.2167
1.5764
0.0021
0.5413
0.0072
1.0073
0.2684
2.4842
0.4584
2.3086
0.9350
0.9076
0.7868
4.4579
0.3297
3.2182
0.3832
0.0599
1.8716
2.5730
0.4867
1.3205
0.5335
2.5075
1.9256
0.4067
2.3966
0.5707
2.2692
0.4825
3.9795
0.7334
2.7419
6.3646
2.4651
2.1150
0.8687
0.1427
1.0038
0.9120
0.0923
1.2546
0.2995
2.4010
1.0841
0.0000
0.6613
0.4952
6.0491
1.0669
0.6765
0.3416
0.3797
0.8211
1.6317
3.5481
2.3404
0.1926
0.3425
0.7254
1.2024
0.2700
4.4169
0.0026
0.4710
1.4887
0.0555
0.8680
0.9271
0.6418
2.0118
2.8861
3.2747
0.7938
0.7849
2.2171
3.7205
0.0680
1.9854
4.4107
0.8801
0.4318
3.6117
10.6889
0.7759
4.7806
2.6458
2.5122
2.3002
2.0122
1.2970
1.2716
0.2480
0.0278
5.2916
0.7023
2.0282
1.1450
4.3188
0.0905
0.9081
4.0028
2.7755
0.4452
5.8029
0.0768
5.2887
0.2610
0.3847
1.1842
1.2508
0.8070
0.4210
5.1021
0.4950
0.0521
0.4529
0.1233
1.1727
1.0421
1.2831
1.1664
2.3018
0.0000
0.7354
1.2721
0.5150
1.0799
0.6870
0.0997
3.7120
0.8597
0.3969
2.5052
1.7684
0.0027
2.1671
1.6040
0.8158
0.8288
3.2448
1.2097
0.3182
2.3308
0.2708
2.0929
1.2206
0.5171
3.7294
0.5815
0.2898
0.6181
0.2280
1.7709
1.2979
0.4268
0.6531
0.0621
0.9921
1.3861
0.3766
0.1797
4.1413
1.1076
4.5352
3.6512
1.6482
2.5346
1.4190
2.6392
0.9930
2.5812
0.7421
1.7978
0.3867
5.2386
2.6387
0.5200
0.1646
0.2703
0.4361
2.2314
0.4671
0.4765
1.4447
0.4953
0.0947
0.5173
2.1560
3.2193
0.3261
1.8160
2.0759
3.6650
0.3718
5.2784
0.6151
0.9939
3.2289
1.9174
3.2155
3.4014
0.1065
2.7443
0.7509
1.3746
1.2128
0.0015
1.7648
0.2489
2.8691
1.2572
1.8742
0.6733
0.1776
0.2413
0.1060
1.8959
0.3308
2.2143
0.0741
3.8304
1.7731
1.1401
0.2929
0.1215
0.0036
2.9689
0.8185
0.7364
3.5581
0.8297
1.0849
0.6371
3.8622
0.3491
1.7903
1.9970
4.3270
0.2728
0.6495
0.0060
0.9984
0.8208
0.7643
1.9466
0.9176
0.4833
0.0931
2.3552
2.2677
1.0478
0.1423
0.7478
1.9771
0.1928
0.5026
1.9140
3.6062
0.1897
0.0087
3.1037
3.0914
0.5808
0.0017
1.8291
1.5887
0.1018
0.7441
0.7085
0.0853
0.9945
2.3001
0.9311
2.9123
0.9570
5.0975
0.0698
1.0796
1.7096
5.7510
2.4448
2.4441
0.1851
2.8753
0.6539
0.3629
1.9382
0.4637
0.5847
1.3885
2.2368
1.5655
1.6085
0.7403
2.0133
0.2151
2.3007
2.4777
2.2481
2.4534
0.6893
1.9093
2.4501
1.1843
0.0445
0.4628
0.2638
0.5231
1.2843
0.6334
0.6690
1.4897
0.0284
2.2548
0.9694
1.9560
2.9422
0.4508
0.6183
1.5231
5.3673
1.0609
0.7933
0.1068
2.0025
0.0268
4.2272
0.3287
2.2802
0.2056
3.8311
0.0091
1.3177
0.1781
4.9755
1.8110
0.1214
1.5189
1.9968
0.7590
3.7444
1.1620
0.3698
5.1024
0.6826
3.2385
1.7937
0.1573
0.5307
0.1664
3.7537
2.3870
0.1093
1.1695
2.2928
0.1384
0.5262
5.0830
0.9135
0.6108
3.0396
0.7824
0.7668
0.9557
1.0181
4.9648
0.3837
0.8217
0.4622
1.8417
0.5417
2.8368
0.2580
0.2302
0.0012
1.5332
1.1574
2.1655
2.0776
0.2926
1.6893
0.7666
2.5421
3.1921
0.2556
1.6483
1.2429
0.7005
0.9007
1.1116
0.1201
1.4631
0.8802
0.1960
0.2286
0.3869
1.0673
0.7074
1.1464
1.2844
1.9005
1.8476
1.4961
0.9898
0.3178
0.9630
1.4151
0.2154
0.1817
2.1387
0.6316
0.2967
0.2209
3.6189
4.1563
1.3736
1.4696
2.2735
1.2136
0.1918
0.2686
1.8792
0.3870
2.7903
0.0256
0.9160
1.6327
1.7140
1.4046
1.5209
0.6004
0.7769
9.5275
2.2723
0.9505
0.2846
0.0065
2.7869
1.5568
0.4824
0.0804
0.5360
0.6861
2.4098
1.4680
3.8005
1.2543
4.2228
1.9124
3.8412
0.6309
1.9286
0.7352
1.6160
0.6312
0.5798
2.6505
0.5280
0.5360
0.5134
1.5386
2.6917
6.2665
0.0836
0.2541
0.1912
3.2638
0.4281
0.1320
3.6691
0.9538
1.2390
0.0871
0.5246
0.0018
0.2883
0.8141
0.3823
1.4128
0.0014
0.9393
0.2775
1.3607
0.0008
0.2248
0.3635
1.5753
1.3581
1.5284
3.8322
0.5497
1.1635
0.2192
0.5799
4.3579
0.3332
2.3483
2.3097
1.8935
0.4357
3.1990
1.3578
1.2056
3.5017
0.0994
6.1317
0.1673
0.0871
0.8884
2.9072
0.4331
1.2215
3.9418
0.0000
2.0968
0.0284
0.8318
0.0478
0.8827
0.5091
0.3177
1.5850
0.8268
1.2282
1.9642
5.0747
1.6433
0.3355
2.6589
1.3467
1.1751
2.4381
0.4465
0.2024
4.5184
0.0740
1.9690
1.3176
0.9977
0.4506
2.6804
0.4345
0.6982
0.5214
0.0757
0.6612
0.6366
1.4327
0.0237
0.0000
0.5916
0.0692
0.1980
3.0834
1.6096
0.3716
0.8399
0.4177
1.3015
2.9063
1.6712
5.2854
1.9423
4.2945
0.1229
0.2369
3.2445
0.2509
2.3785
0.6781
0.1570
1.2328
2.7935
1.1022
0.5452
1.3810
0.2219
0.0483
3.0420
0.4641
0.1667
0.4875
2.1902
1.2794
1.4329
1.4548
0.4717
2.5772
1.2519
0.5191
0.0260
0.5469
0.0290
0.8619
0.8060
3.6977
1.1674
1.0134
0.8270
1.1112
2.8386
1.9266
0.2087
0.1159
1.8611
0.5559
1.4598
1.8507
0.2665
0.8763
3.3796
1.3416
0.7987
0.2727
0.8285
1.2841
2.9727
0.1294
0.0811
1.9175
2.3794
1.1114
0.9590
1.7239
0.3972
0.1483
0.1895
0.5767
0.3699
3.9970
2.1024
0.2919
1.6305
0.6047
1.4045
2.3198
0.2828
0.2484
2.3542
0.0473
0.3111
0.0000
1.6787
0.7610
3.3002
1.5754
1.2960
0.9282
3.0636
1.2766
2.8065
0.4165
1.6518
1.2499
0.9768
3.6728
0.9779
1.0810
1.3685
0.6834
1.4530
0.2618
0.8098
0.6752
0.3172
1.6309
1.0889
0.4587
0.3157
1.2804
0.4024
1.6553
2.0789
0.6307
0.5305
0.9500
1.1515
2.5758
0.8333
1.6958
0.1612
0.3008
0.1468
0.5714
1.0016
0.0514
0.1728
0.5612
0.1522
