12.9711
0.1176
3.0997
2.7458
1.4920
4.1121
3.4671
1.7152
0.2531
0.4192
0.1426
2.2493
0.4560
0.8879
0.4426
1.1207
0.1082
0.9171
0.4626
0.3498
0.2764
2.8129
0.6042
0.0000
2.7669
0.5267
2.2791
0.1621
0.4466
2.4638
0.0019
0.8497
2.3709
0.0915
1.6167
0.6005
2.9062
0.4001
1.0954
2.3727
8.1701
1.6780
2.9262
0.4498
0.6832
0.0606
0.4805
0.2212
0.0967
0.1786
0.0026
2.1117
0.3307
1.1373
0.8908
0.0073
1.1730
0.4693
0.8409
5.2664
0.3779
1.0993
1.0174
0.6669
2.2028
0.1965
0.4607
3.9793
0.0815
1.3663
1.3782
0.2448
0.0090
0.1980
2.0809
0.1435
1.2128
1.1642
0.3805
0.2799
0.2511
0.2996
1.2489
1.0254
2.2834
0.5583
0.0160
0.8361
2.9247
1.3483
0.2585
1.0746
0.8301
0.2287
0.6420
0.2112
1.4818
0.2155
0.4429
5.0498
0.0482
2.3925
0.5190
0.8805
1.5019
0.2886
0.4276
0.1735
0.2578
1.3440
0.3808
1.6821
1.8045
1.3256
0.3683
1.4115
0.3528
0.2421
0.4181
0.4295
4.7200
1.0736
0.1669
2.4193
1.8739
1.4902
0.6291
2.4945
1.5203
1.3759
0.3447
0.2159
0.1432
0.0309
1.2347
2.9801
0.4868
0.0525
0.0018
2.2306
1.2814
0.0834
0.7468
0.0577
0.3735
1.1988
0.2979
1.3971
0.8289
0.2954
0.3241
2.8679
3.3465
0.0058
0.5079
0.1260
0.6381
0.4726
1.5989
1.7113
0.6650
1.9081
0.4949
0.0039
0.0000
0.0051
0.3528
0.2618
0.0659
0.0688
3.7823
0.9419
3.6116
3.0005
1.5638
1.5783
0.5418
0.8293
0.2128
0.4661
0.3025
0.6998
0.9358
0.3704
0.2693
0.0016
0.2855
1.4922
0.8176
2.0234
0.4155
1.4555
0.3391
1.1905
0.1481
0.1430
0.1661
0.5046
0.3054
0.0801
0.3626
0.3247
2.6831
0.7073
0.2449
0.8691
1.4046
1.0031
0.6018
2.3682
2.9895
0.0022
0.0476
3.5010
0.0753
0.7022
1.4544
0.2656
1.8659
1.6189
0.9936
0.1351
0.9071
2.7060
0.8177
0.7986
3.1908
5.1593
3.4965
0.6452
0.0309
0.2343
2.0794
0.9733
0.9284
0.1321
1.2705
0.9532
0.2345
0.2582
1.3381
0.1851
0.3435
0.8663
0.3180
2.0024
1.1734
1.2844
4.3285
0.4371
0.2828
0.4309
0.0435
2.0548
4.3317
0.0710
0.7028
0.4782
3.1235
0.5123
1.5097
1.8573
1.4284
0.7466
2.2172
0.6000
3.7341
0.5349
1.7759
2.8372
0.7098
0.7548
1.7493
0.1764
3.0124
0.4671
1.9161
2.5221
2.6412
0.4098
1.8762
0.4112
0.4194
0.7030
0.7093
0.8254
1.4356
0.4736
4.3115
0.2179
0.3055
0.6472
0.0848
0.5986
0.2359
0.1909
0.7591
0.0694
2.8402
2.2054
1.5468
0.0998
1.2627
0.3927
1.1181
0.7770
0.3385
0.6387
0.2177
0.9507
0.7130
0.7068
0.8898
0.7740
0.0058
0.2326
0.5523
0.3855
0.5979
2.8961
0.0635
0.1512
0.0056
0.3562
2.5163
0.6979
0.8929
0.9287
2.2451
0.5355
0.7997
0.1019
0.8267
0.2651
0.9707
0.5953
0.0047
1.0357
0.8496
0.0052
0.2656
1.4815
0.0244
0.1599
1.7928
0.3817
0.7148
1.7289
2.7902
1.9639
0.4341
1.1968
0.5744
1.5665
0.0334
1.7044
3.6406
0.2773
0.7535
0.2073
0.1109
0.4982
1.0875
0.6021
1.4082
0.2339
0.9112
2.3685
0.1721
0.8204
2.4679
0.6628
4.9986
0.0877
0.7929
1.8133
1.4748
0.1597
0.0009
1.3158
1.1258
0.2377
4.3182
0.9147
0.1877
0.9157
1.5066
0.2015
3.7496
0.0035
1.9089
0.9033
2.7671
0.6122
2.3746
1.8065
0.4186
0.8017
3.3792
0.2845
1.8590
1.1468
3.2909
1.7773
0.0672
2.2968
0.1491
1.1331
0.7772
0.3437
0.0150
1.1828
1.0624
2.2320
0.8264
0.9697
0.2428
2.3902
0.0633
0.6810
1.7359
2.1649
0.6811
1.5022
0.6283
0.4237
5.6941
3.2702
2.2738
0.6859
1.3811
0.7199
0.2382
1.3665
0.0335
0.6811
1.4065
0.0885
3.9871
0.0122
0.5582
0.4509
2.1249
2.0010
0.4090
0.0319
0.1381
0.9790
0.6742
0.4222
2.0764
2.0860
0.5740
1.2559
0.8308
0.6970
0.5915
0.9623
0.2111
0.4712
0.4632
0.6725
0.9969
0.6433
0.6980
2.3154
0.6406
1.3526
1.1632
0.7140
1.9565
0.0991
0.1361
0.7830
0.2162
1.5555
0.4695
0.0207
0.5536
0.0264
2.4630
2.3809
2.1054
0.9279
1.6371
0.5183
0.2655
1.2669
0.0010
0.2774
0.0055
0.1411
1.9704
0.7980
0.9933
0.2433
2.3022
1.7848
0.4479
1.2152
0.9956
1.2471
0.7374
1.3903
0.6251
0.3993
0.0878
1.7385
0.4294
1.4947
2.7391
0.7015
0.1480
0.9376
1.6509
2.0868
0.3925
0.3387
1.7767
0.1730
0.9046
0.6323
0.8887
0.8649
0.4891
1.1956
0.2400
1.3891
0.2896
0.9071
0.0346
0.4550
2.3450
1.7293
2.7270
0.2864
2.3124
0.1536
3.6589
0.9575
0.4381
0.4499
0.5306
0.4847
2.6358
0.1247
0.4661
0.0151
1.0416
1.2606
0.9485
0.2359
0.5391
0.3676
0.6040
0.5950
0.3462
0.4052
0.7525
3.5677
0.3394
0.0158
1.2601
0.9778
2.3944
0.5863
0.9124
0.0149
0.2541
0.9498
0.7579
0.5698
1.5537
0.0303
0.3246
0.5723
0.1950
0.5109
1.0431
1.5071
0.3616
0.5404
1.1180
1.0261
1.0514
0.9160
0.1629
3.2046
1.5645
2.8035
0.1031
1.6125
0.4716
1.1063
0.0009
1.7555
0.2910
0.3695
0.8982
0.8268
1.7461
7.8131
1.3085
0.1256
0.6876
0.0432
0.0145
2.0585
0.1466
1.1850
2.6389
1.5785
0.1936
0.7302
0.4021
0.2157
0.9303
0.5539
0.5567
2.9475
0.5185
0.0278
0.2824
2.1084
3.8935
0.2213
1.3353
0.0116
0.0032
0.1524
2.9555
1.5328
1.9098
2.0515
1.5120
0.2868
3.7984
0.5613
1.8727
0.5116
0.9194
0.9070
0.5722
1.3335
2.9422
0.1233
0.6223
3.3850
0.2713
3.7358
1.4046
0.7778
0.6786
1.4006
0.4228
2.2475
0.2148
0.3708
1.8164
0.8989
1.1500
0.0081
1.4853
1.0690
1.4989
0.6065
0.3693
0.0854
0.7442
2.8580
2.0721
0.0551
1.0079
0.7549
0.1615
0.8979
1.1556
0.6609
0.1318
1.6358
1.9163
0.2549
0.2826
2.1056
0.0051
1.2157
2.0006
0.3300
0.1223
0.9346
0.1057
0.4606
1.6889
0.1098
1.5277
0.1217
1.2695
1.2905
0.4602
3.0420
0.5804
0.5813
0.3780
0.3046
5.1646
0.7982
0.3615
0.6105
1.1393
1.0421
1.0534
0.1540
0.3336
3.4232
0.6656
0.6145
0.1998
1.4678
0.7112
0.5117
0.1387
2.1568
0.0373
0.2175
0.3515
1.2121
1.4359
5.3531
2.0371
1.4608
1.0442
2.5627
1.9784
1.3465
0.9100
0.7706
1.5555
0.4119
0.2052
0.0074
0.6523
0.9295
0.3217
1.2575
0.2051
0.5793
0.3526
2.5247
2.0244
0.4310
0.3252
0.5679
0.2282
0.1381
3.5884
4.8002
2.0284
1.0490
0.7873
5.2851
0.1750
0.2876
0.8063
0.6564
0.0828
0.1464
0.5714
0.3248
0.0282
0.9048
1.2418
0.1235
0.4533
0.1378
1.2205
0.2910
0.0651
0.0774
0.0330
0.2988
0.9103
0.1163
0.3356
0.5590
1.5129
0.7132
2.0916
0.9285
1.1734
1.1997
0.5714
0.4511
0.3399
0.0002
0.0501
0.0850
1.1302
0.4801
0.9093
0.0479
1.5292
3.0865
0.3574
0.0000
0.0456
0.4556
0.2187
2.1586
0.1335
0.4939
0.5329
0.3511
0.2294
1.9388
0.9227
3.3357
0.2290
0.0084
0.3054
1.9721
2.1052
3.4081
0.1439
0.6379
0.1824
0.0427
0.5919
0.0274
1.4939
0.0836
4.3816
0.1373
0.8418
1.5450
2.3527
0.6988
0.3064
1.5710
0.0762
0.9173
0.2604
3.7285
0.8512
3.2344
0.2384
0.0211
0.2611
2.2391
0.7819
0.2006
2.8728
1.0877
0.0306
5.7514
1.6903
0.7932
2.3723
0.0026
0.3773
0.0674
2.0263
0.1269
0.4776
5.3900
1.9266
3.5772
2.5966
0.0212
0.0637
1.8636
2.1143
0.5979
5.0000
0.3490
0.5476
0.7515
0.5948
0.4395
0.0275
2.0285
0.2716
4.5695
2.5756
5.1996
0.1460
0.5717
1.4138
0.2351
2.0555
0.0070
0.0000
0.9757
2.0863
2.9628
2.1167
0.8970
0.2496
0.0000
0.8637
1.3420
0.2973
0.0098
1.8705
0.7015
2.3719
1.6028
1.2522
0.1031
0.3899
4.0083
1.7700
0.4628
2.2034
0.1134
0.0119
0.3021
0.2219
0.9723
0.7596
0.8727
0.8771
0.5280
0.9600
0.2044
1.5701
3.6363
2.1701
0.0012
1.1897
0.1838
1.1966
0.0014
0.3257
0.4310
2.7141
1.1732
1.0427
0.0003
1.9400
1.5581
0.1580
0.0055
0.8873
1.3619
0.8567
0.4659
0.4600
6.3606
3.1146
1.0002
0.4447
1.7790
1.1749
2.0244
2.3749
1.0434
0.8639
7.4983
1.1524
3.6742
0.5255
0.2207
0.2515
0.1139
1.3942
0.0135
0.9590
0.7018
0.5536
0.4907
1.8558
0.2356
1.9894
0.0436
0.8266
0.5387
0.4104
1.2923
0.9874
1.1311
0.4879
1.3867
0.2740
0.7039
0.4916
1.5367
1.5791
0.1748
0.0443
1.5364
0.3294
1.3954
0.8424
0.0888
1.0893
1.0595
2.7791
0.2448
1.0002
3.6126
