3.2287
6.4695
1.2394
0.4132
3.6709
4.1159
2.2991
0.4602
1.3973
5.4760
5.1913
0.6996
3.0125
19.9999
2.5791
0.5576
0.3490
5.0315
3.9792
0.2920
2.2757
0.9538
0.0358
1.0477
1.2194
0.0000
0.0894
1.5110
4.0898
0.7133
0.1156
1.4056
4.4315
1.3382
2.2029
0.4924
1.0473
7.8165
1.1546
0.8880
3.8617
9.3974
2.1797
4.3850
0.4629
0.6505
1.3539
2.0142
0.0507
8.2409
1.0041
1.2885
8.3038
0.6328
7.3703
2.9512
0.7984
0.2634
1.2620
4.2707
2.1540
1.8108
2.5828
3.0153
0.0490
0.5921
2.7109
0.5794
5.2206
1.2135
1.3277
0.0259
1.1170
0.1505
4.1207
0.8535
0.2229
1.3684
1.9548
2.5854
2.6096
1.5883
0.9518
1.1072
1.5015
1.2068
0.0496
3.3029
3.5253
0.2980
0.6763
2.0783
0.6652
1.2307
1.1363
0.4785
2.5740
0.5530
1.8207
3.8798
0.6596
3.9784
0.0374
1.6945
2.7112
9.9037
1.0331
3.0442
4.7672
2.2401
0.6532
0.3752
2.5495
1.6123
0.8660
0.5363
1.8277
0.4085
7.4229
0.2377
1.7687
0.1158
2.2752
1.6339
0.5527
2.1510
0.7488
0.0854
2.2449
2.7938
1.5486
6.1525
2.1624
0.0141
0.6414
0.5854
4.8431
0.9273
1.9618
0.7317
0.6616
0.6761
0.4731
0.3560
4.5045
5.6834
0.1389
2.2280
0.3078
0.0766
2.9871
2.3101
0.8737
1.6460
0.6033
3.2977
1.7799
0.7827
0.5770
1.2257
4.1453
1.3624
0.6089
1.0639
0.0754
4.5881
1.1139
0.5236
0.3330
1.6102
4.1524
0.2904
0.8041
0.8966
3.9266
1.0418
2.3389
2.6857
0.3134
5.3364
1.7447
3.5443
5.2560
1.5104
2.9039
0.8195
0.9331
1.2629
1.1176
5.9139
1.0066
14.3838
1.8589
0.6072
6.9534
2.9166
0.0343
0.6568
0.1983
1.0109
1.0222
7.5010
0.0657
1.0884
0.0000
1.8127
0.1521
3.0248
2.5448
2.3288
1.5808
0.2084
0.7849
0.3159
1.4677
2.8908
0.6073
2.7511
0.5983
3.3205
0.2295
0.8011
0.7857
1.4813
0.7614
0.2666
1.9125
1.3354
2.9826
1.7740
2.8627
5.1747
5.0725
0.7907
1.1961
0.3440
1.5597
1.9609
2.3812
3.3552
0.0000
0.6011
0.3332
0.0964
0.0012
0.2506
0.2138
1.9984
2.1354
5.3097
2.1136
0.3198
0.0673
1.2842
2.6158
0.0495
3.5102
0.7275
1.1874
1.3385
2.5236
1.3588
1.4246
1.8971
8.0572
3.0928
2.6499
5.9695
0.0647
0.4888
0.3830
6.8365
0.5314
0.5609
1.1059
1.7271
0.8613
0.6866
0.8081
1.1025
3.7719
1.2401
0.0653
0.1897
0.7298
2.3710
1.4391
0.3909
2.1064
1.0998
1.0374
0.0373
3.2092
1.7384
0.4069
6.1792
1.0427
0.3765
5.5469
0.3907
1.2588
2.2815
0.5491
3.3436
0.0684
1.7718
0.1030
0.5996
3.1166
1.8485
0.5088
4.5393
0.5565
1.4434
0.6549
0.2447
1.7054
0.8192
0.9899
1.9034
0.4037
0.8790
0.0217
4.1685
2.9145
1.4994
4.0375
6.3752
1.1674
2.4300
0.5748
2.0547
0.8255
0.6561
1.9105
2.4461
1.3108
0.2804
0.8392
0.0005
4.4341
1.4574
2.8349
1.1882
0.5184
2.6405
0.0091
3.3364
0.1843
0.0004
1.0505
0.2625
4.9259
2.2268
3.0439
2.0071
0.9417
0.9151
2.9453
1.5345
1.0184
1.1939
0.0263
3.8299
3.1064
1.9296
0.5030
1.1398
3.2446
2.6244
1.0824
3.0569
1.2422
4.3547
0.1091
1.9569
0.6222
0.9626
0.9585
0.2433
1.1088
0.0816
4.2698
2.3792
1.4768
1.7636
6.2914
0.5800
2.9352
2.8176
3.4301
0.2275
0.4642
0.1780
4.8658
0.5546
2.9173
0.2846
0.5593
0.1365
1.4198
0.0680
1.0713
1.1081
1.3090
1.3171
0.4887
0.0272
0.2379
0.2763
2.3330
0.2348
0.1680
1.6789
1.0833
3.9646
1.0150
1.4946
3.5574
1.3181
0.2931
0.6202
2.6511
0.3400
0.3918
5.6060
3.3341
0.4719
2.5409
0.1089
1.4650
0.1780
0.5440
0.6576
2.6427
1.4220
0.0027
0.3994
0.2252
0.6662
8.7440
0.5020
2.1055
1.9193
0.9805
2.4989
2.1644
0.6331
0.6280
3.5103
0.0351
5.4924
2.8209
1.2118
5.7646
4.6438
0.4766
0.5596
0.6659
0.7479
0.1913
0.3601
1.1148
4.9242
1.8070
0.6149
0.2395
2.1283
0.6166
1.0489
0.2238
1.5459
0.9835
0.1019
1.0678
0.1446
3.4884
0.1572
0.0041
1.3884
2.4920
0.6351
0.4561
4.6714
0.6729
0.1282
0.0274
1.6252
0.2513
0.2593
1.1359
0.0145
1.9476
1.9160
3.8018
4.9526
0.5129
0.1800
0.1189
2.3856
0.3458
0.2253
0.5208
0.1587
1.5996
1.0615
1.7327
3.3396
0.0699
1.3282
0.1164
2.0357
1.8751
1.2561
1.7105
0.1917
5.0319
1.1613
1.8369
0.1565
3.0452
1.3061
3.1361
0.7586
0.6667
2.6037
1.3195
1.5937
1.9734
3.0127
0.7094
0.2944
1.7974
0.7207
0.5847
2.9663
0.5249
0.0048
0.2555
0.1759
0.0091
1.6404
0.8870
4.6531
0.1022
0.0425
1.5083
0.6105
0.3334
1.9929
0.0089
0.5969
2.5397
1.8503
0.4606
0.4439
1.1094
0.1321
0.4040
1.1406
0.5138
0.1593
0.3678
0.4553
0.5051
0.0166
1.8434
0.4457
0.0054
1.6371
2.0776
0.5807
1.3611
0.2357
4.0586
0.2956
0.5473
6.6020
0.1353
1.8017
2.7494
1.4347
2.1465
0.1359
0.9850
3.5234
0.7028
1.6464
2.1870
5.6132
3.2579
4.2198
0.1576
3.2306
1.2893
0.0155
1.6517
0.6048
2.0826
1.3889
1.2626
0.3117
0.5615
0.9114
1.6886
0.0328
2.0534
4.9105
2.3694
0.3071
2.0990
1.7230
0.0445
0.7545
0.2990
2.0533
4.5421
0.0972
2.6344
0.0073
0.3560
1.2832
0.5583
2.3473
4.9941
0.6268
3.6296
1.2803
0.6005
1.1847
0.1033
1.6625
3.2179
0.0378
9.0038
0.0187
0.5698
0.0229
3.3200
0.0248
0.0881
0.9607
0.1880
4.6632
0.8944
1.0220
1.0984
0.3416
0.3605
0.8068
6.0531
0.0123
0.3563
2.9655
1.9039
0.9830
0.5467
3.9051
0.1129
1.2840
0.3503
0.1679
0.8849
1.1149
0.6327
0.9406
0.3437
0.5672
3.3100
2.8783
0.0194
2.4800
0.2983
1.3942
0.0171
0.3363
1.1453
0.0306
0.1384
0.7897
0.1413
1.0774
1.0861
4.3243
0.2821
0.1655
2.9910
0.0786
0.8533
2.4005
1.5686
0.1508
0.1552
1.1719
2.2234
1.2100
0.1742
0.8185
0.2530
0.3515
1.6906
2.6314
1.4523
0.8224
1.6041
0.1855
0.1280
0.5343
0.5041
0.2221
0.0672
4.1714
0.0367
0.5692
2.0037
0.4861
0.1389
0.9824
0.5313
4.0667
0.4865
0.5820
0.7396
0.9746
0.4878
0.1517
0.3250
0.0217
2.7248
2.9148
10.0601
0.5965
0.0399
1.9875
0.9745
0.5603
1.2318
0.3177
0.4617
2.0634
1.7204
0.3752
0.0721
0.0813
1.6932
1.3640
3.0389
1.0395
0.8948
0.2833
1.3777
0.0274
1.7424
1.1938
0.3910
0.3687
0.6706
1.4313
2.8441
1.2547
3.6912
0.5259
2.1052
0.0904
1.3337
0.4317
0.0224
0.9234
4.2960
0.4099
0.3083
3.7289
0.7044
6.6899
0.6668
1.4683
2.1731
0.6528
0.5520
1.7350
0.7934
1.1493
0.4846
1.0616
1.5613
0.2116
0.8673
0.6627
0.3799
0.2352
0.0945
1.4203
0.4758
0.4439
0.7516
2.0033
2.7376
1.0399
0.5787
3.8341
1.3802
1.2372
0.9690
0.6003
1.4290
0.1295
0.0670
0.6113
0.3105
1.0474
0.1832
1.0469
3.0696
1.5107
2.5831
3.3589
0.1513
0.8793
0.5402
0.3714
1.5207
1.4148
0.1075
0.4537
3.4138
0.6836
1.0174
1.4965
0.8344
0.4342
1.6798
0.2979
4.4131
1.8173
2.2180
0.9034
0.5469
3.8531
0.1370
0.5977
0.7152
2.0632
0.8669
0.5977
1.5131
0.3230
1.1454
0.0182
0.4097
0.5593
2.3031
0.7970
1.3847
1.1643
1.4672
0.2734
5.5411
2.5331
0.0288
0.0414
1.3689
0.1879
0.1058
0.4746
0.0000
1.1969
1.0359
3.7006
0.1175
1.6490
0.0184
1.6563
1.0488
0.5340
0.4164
0.0343
6.7721
0.7831
2.9343
0.1193
2.2296
0.4275
0.1744
0.5868
0.0475
0.2247
1.3787
0.6679
0.6735
1.4118
0.4694
0.5205
0.1297
0.5123
2.7795
2.2039
3.8099
1.7762
1.4672
1.2168
0.0407
2.9476
1.0754
6.4867
2.8144
2.0194
1.4983
0.5640
0.7525
0.1715
0.7930
0.3452
1.8604
1.8101
2.9800
0.8770
0.9388
0.5055
0.1660
0.6941
1.0071
0.1292
2.3141
3.1471
0.2202
0.9497
1.5674
0.2952
2.0802
2.1509
2.7382
0.3179
0.1772
0.1563
1.4120
1.2269
0.7879
1.8205
3.6200
0.0244
0.3883
2.0192
0.7687
0.6787
1.0690
3.7151
2.7200
0.7464
1.4594
3.0908
1.7253
0.4449
1.2098
1.5506
0.5012
2.5373
1.1618
0.0641
1.1116
2.0219
1.5444
1.6159
0.0095
1.2630
2.3515
0.1162
0.5163
0.0051
1.2373
0.8106
2.5980
1.1681
2.9600
0.8796
0.1942
2.5661
2.5851
0.3358
2.8789
2.6325
5.2932
1.4481
0.9947
1.4368
1.6110
0.9175
0.1102
7.8812
0.6028
0.9168
0.4806
0.7296
0.4428
5.0969
0.1489
3.3222
4.3333
1.3679
0.1276
0.6297
