0.6699
1.4243
1.0050
0.4712
2.0024
0.5580
1.0642
3.5652
2.6812
5.0617
0.6413
5.4397
5.3127
2.0831
0.7950
2.8198
0.9826
3.6234
1.6808
1.4305
1.7088
2.3650
1.2001
3.4788
0.9665
2.5140
0.0767
0.3425
0.3777
1.4000
2.0025
1.9615
0.5423
0.0000
0.1902
0.2321
1.5516
3.2168
2.3778
1.1688
0.4871
0.7962
0.9675
0.2664
0.5476
0.7870
0.3817
0.1318
0.3590
0.3145
2.3726
0.1147
0.1628
0.2598
2.6073
0.4402
1.5025
0.5828
1.3383
2.5198
0.5072
1.8760
0.3934
1.3607
0.7374
1.5429
1.1482
0.0140
1.2650
0.1161
2.4301
1.8594
0.1819
1.9520
0.4285
0.8117
1.1875
0.0451
2.7133
1.9592
3.5911
0.3902
0.6624
0.9382
0.0106
0.2426
1.5233
0.1221
2.5266
2.2726
5.6177
1.3539
0.1552
0.0522
1.0034
0.7995
0.0112
1.1827
1.1450
1.1719
0.0189
0.1690
0.4140
3.5675
1.0911
5.0147
0.9752
0.0387
0.2905
5.1819
0.5101
1.0582
2.5838
1.0837
1.8585
0.1913
0.1636
1.5966
0.1933
0.0198
1.4915
1.7725
0.1124
1.9843
2.3510
1.1698
1.3516
0.0000
2.5309
0.1272
0.0678
0.6224
0.4712
1.3502
0.1960
1.3509
1.4620
0.8508
0.0040
0.4629
0.1496
0.2200
0.2194
2.0483
1.1907
1.3898
0.2108
1.1918
1.1261
0.0003
0.7273
1.2798
1.1021
0.8420
0.3761
0.6999
4.7858
1.0180
0.4757
0.9951
0.4494
0.8144
0.2889
0.1201
1.7607
0.6800
0.8672
0.4078
1.5103
0.7514
0.9050
0.8688
2.2572
6.3791
0.0534
0.4434
0.7614
0.1574
0.0394
1.5039
0.9619
0.0075
0.3418
0.9519
1.5816
1.8806
0.3254
0.6457
0.3676
0.4518
0.2076
0.1891
2.7280
0.4295
5.2142
0.1581
0.0035
0.0046
2.5131
0.5742
0.9019
1.2882
3.5029
0.8134
0.9245
1.5534
2.4674
1.2804
0.5583
2.8890
0.1242
1.8365
0.5199
0.0671
0.2486
0.3634
0.0010
4.5780
3.4664
2.0326
1.2689
0.3021
0.5282
0.0000
4.6103
0.7325
0.4492
1.3173
1.1660
0.3156
0.0863
1.6616
0.2567
0.0848
0.5422
2.4099
1.8863
1.2261
0.4884
0.0030
1.9377
0.0007
0.2162
1.5513
0.2430
1.4217
0.3295
0.7958
0.2571
1.2432
1.7521
0.3340
0.9151
2.5768
0.3725
0.7568
3.3563
0.4271
0.4248
0.0000
0.7432
0.6035
2.4327
0.3939
0.0787
0.7071
1.1287
0.0480
1.4181
0.1437
0.8304
0.5423
0.4549
0.6761
0.4352
2.2043
0.6607
0.0121
0.3104
0.0970
0.4680
0.1076
0.7491
1.8720
6.8535
1.1139
2.0680
0.3939
0.7009
0.3046
0.0723
0.3191
2.0520
0.9445
0.0043
0.1635
0.5766
0.0051
3.2203
1.3836
1.9991
0.9835
1.0435
0.1646
0.1458
2.0711
0.0054
0.9518
0.0499
1.7421
0.0873
1.1369
0.1368
0.2962
0.7001
0.4642
1.9435
5.5995
0.4159
0.0066
4.0393
0.0562
0.1698
0.7341
0.7530
0.6497
0.0033
1.7446
1.3189
0.1196
2.5926
2.1277
0.3747
0.3914
0.8927
0.3144
0.6029
0.8415
0.6870
5.6225
1.5938
0.5038
0.1234
0.1011
2.1162
2.1013
0.8675
1.0706
2.0553
1.6186
2.1841
0.2374
0.2127
3.9368
0.4187
0.0857
2.1253
1.9066
0.3624
0.1260
0.0716
0.7170
0.5168
0.0611
1.7265
0.2761
1.2476
1.3205
0.3720
1.6962
0.9400
1.8124
0.8842
0.5649
1.6848
2.5163
0.1738
0.8840
1.2019
0.2171
1.6018
0.7641
0.0000
0.0250
0.7429
0.3266
1.4186
0.5331
0.0000
2.1074
2.8003
0.5807
0.3816
3.0884
4.1040
0.0910
0.3563
5.2071
0.7224
0.5709
0.4512
0.1401
0.2912
1.9557
0.3937
1.2642
0.5097
1.4709
0.2455
0.3627
0.0370
2.0132
0.3809
0.0548
4.8702
0.2590
0.6407
0.6001
0.6816
0.2843
0.3579
0.7133
0.8746
1.8278
3.9039
0.1342
0.1669
2.4123
1.7614
0.1624
0.0532
0.3007
0.2699
0.5263
0.1962
2.1011
1.4298
2.1544
0.4013
0.0880
0.6742
0.0264
0.3319
4.0241
0.4741
0.3695
0.7062
0.5864
0.2343
0.0936
0.3849
0.8967
1.0066
1.2942
2.9011
0.1901
1.3410
0.1004
1.2761
0.4709
1.1732
1.5485
6.8740
0.6867
0.7593
0.6144
1.9032
0.1099
0.3331
0.3210
0.1117
1.6975
1.2498
0.7372
5.0283
0.3226
0.7859
0.8836
0.6268
0.1605
0.0000
3.0003
3.7852
0.1528
1.5241
1.1310
0.5437
4.3109
0.9718
3.4381
0.4487
0.8308
0.2230
1.3502
0.0838
6.7815
0.4543
0.0687
0.3075
2.5686
1.8661
0.1656
2.0349
0.1215
1.3511
3.4219
1.4202
0.3569
0.4804
2.5707
0.9282
0.2787
0.0001
1.1674
1.0247
1.8461
0.9041
0.0182
0.7215
0.1025
0.8267
1.1329
0.7552
1.0901
0.4084
1.9194
3.6681
0.0025
0.3155
0.8943
0.4566
2.2483
7.5914
1.2501
0.4440
1.0239
0.9025
1.3109
0.8530
4.6109
1.8174
1.1844
0.9705
2.8886
1.3956
1.6365
0.5592
0.6101
0.0190
2.4151
1.3528
0.6409
1.8953
0.6727
2.9794
0.9095
2.0332
1.3231
2.0895
0.6803
0.6356
0.9611
0.4077
0.7297
0.3923
0.5630
0.7271
0.0483
0.6470
0.6748
0.8670
0.5951
3.4402
1.8636
0.5332
3.9852
3.4348
0.2285
0.5876
1.0972
0.0137
0.5485
2.9262
0.6959
0.1192
0.7349
0.3003
0.5317
0.6571
0.4936
0.8577
0.3825
1.0788
0.0765
6.1785
0.7012
0.0254
0.8419
0.6517
1.6149
0.4330
1.4146
1.1220
1.1103
3.1968
0.3986
0.1886
0.6454
0.6435
3.0267
0.0832
0.2391
0.3580
0.0453
6.7116
0.3391
0.4743
2.2592
0.2651
0.6269
2.1654
1.1409
0.0179
1.9406
0.2197
0.5833
1.2553
1.2151
0.0882
0.1264
0.6680
0.5758
0.1922
2.0908
0.5115
0.4932
0.0338
0.0414
3.4148
1.3138
0.2731
2.6239
0.6290
0.7741
1.1695
0.8092
0.7459
0.5805
0.0116
0.5126
0.5720
0.1789
1.3485
3.0790
0.7075
0.1638
0.7017
4.3392
0.8515
0.1936
0.8964
0.7258
0.2291
0.6032
0.1363
1.3472
0.0147
0.6041
0.9693
0.8460
0.1644
0.2429
0.2007
0.6235
0.4110
1.3380
0.4908
1.0368
1.0401
3.8288
2.8885
2.4320
0.4585
0.0547
0.6346
0.9211
0.7422
0.6936
0.1164
0.7118
0.1587
0.7631
1.2943
0.0011
0.1534
1.1663
0.0096
1.1772
1.7824
2.2484
2.0389
0.5283
1.8758
0.3322
0.7785
0.6435
0.6848
0.1590
0.2268
2.2280
0.5865
1.6543
1.2198
2.0017
0.5630
0.2354
0.0817
0.1543
0.1256
0.0195
0.4335
0.1455
1.4333
0.9854
2.0479
0.0409
0.1154
1.7865
1.5786
0.1987
0.4352
2.1095
1.5599
2.2428
1.1033
0.1585
0.2958
0.8377
2.4116
0.5861
3.3951
0.2853
0.3017
0.1100
0.5973
0.2995
0.2442
1.2721
0.4373
0.0144
4.4050
0.4758
0.1368
0.6496
1.2140
1.3567
1.6436
0.4102
1.3673
2.5942
0.3787
0.2343
0.5472
0.5023
2.7265
3.1427
0.6654
0.8558
0.7776
1.9338
1.5891
0.2807
0.8273
0.3823
0.2330
0.9975
1.0922
0.8107
1.7840
4.0150
0.0271
0.0648
1.2685
1.1966
0.2822
0.1662
0.3349
0.3762
0.3964
0.7694
0.8247
4.7818
0.8741
2.4999
1.2505
2.0119
1.5353
5.6717
1.1646
0.1906
0.3115
4.0235
0.6972
0.6588
1.5861
0.0131
0.5879
0.8751
0.3482
3.0218
0.7345
0.8773
1.4500
1.4861
0.1938
1.0471
0.7302
0.2827
0.5204
1.2478
0.5205
0.7320
1.7365
0.0098
2.7242
0.0000
3.2310
2.5719
0.4197
0.4761
0.9312
0.0422
0.1531
1.9530
0.8053
0.0431
1.5172
1.7907
0.2932
0.2384
1.3775
0.7258
0.9917
0.8381
0.4563
0.6515
2.3247
2.1485
0.1378
1.2265
0.1342
0.8981
1.0366
0.3977
0.0352
2.2754
2.0370
0.5344
0.6747
0.1227
0.4260
0.3147
1.9145
0.9933
2.3258
0.4883
0.0022
0.0504
0.0923
0.4469
2.3279
0.3879
0.1173
0.5532
4.6453
0.4309
0.2329
0.9485
0.3002
2.6609
0.0138
0.2693
1.1168
3.4057
1.6042
0.9553
1.2430
0.0334
0.3891
1.8738
0.4693
0.4595
0.3792
1.4374
1.7389
0.0649
0.4297
0.1185
1.1568
1.4219
3.1362
0.4496
2.7354
1.8905
0.2117
0.5238
0.2727
1.0295
0.7327
0.5403
3.1600
1.0352
0.0879
6.1829
1.1245
3.1325
0.3703
0.4307
0.0098
0.4291
0.1766
0.0000
0.6921
2.2281
1.3732
0.3191
4.4802
0.5839
0.1087
0.6579
1.3973
2.1342
1.1350
3.6655
0.6102
0.0098
0.4716
2.9515
0.0798
3.5869
0.3415
0.1741
3.5435
1.3933
0.2449
1.6972
1.1549
0.4176
0.0016
1.0953
1.3813
0.8008
1.2840
0.0067
5.1045
0.2341
2.3521
0.7154
0.7114
0.6549
0.9466
0.9373
0.2008
1.2518
0.0183
0.1295
0.1747
0.2006
3.6864
1.0755
3.5170
2.8992
0.9939
0.4251
3.6084
1.0269
0.1305
1.3424
0.9443
1.5068
0.0646
1.8418
2.8473
0.3542
0.0472
0.2419
5.1129
1.5083
1.1711
0.7111
0.5420
0.6079
0.9580
0.7577
0.0859
0.0032
0.2094
1.5539
1.0237
0.6183
