1.1832
2.3703
0.4204
4.1101
2.5065
1.4339
0.0101
7.1903
2.8387
2.1389
1.9339
1.6264
1.2178
0.4843
0.6644
0.4202
1.0729
0.2670
1.0268
3.7713
0.2677
0.7560
1.1388
0.7996
0.3447
0.5511
1.3049
0.7018
1.0052
3.4344
1.1936
3.4780
0.2290
0.5265
0.4902
3.2429
0.9589
2.0562
0.5837
0.0976
3.1814
0.5953
0.8079
1.4447
0.8529
1.7166
2.5898
1.4018
1.4072
1.0794
3.4886
1.1285
1.3467
2.1488
0.8872
0.1314
0.4216
0.0617
0.0393
1.9884
0.6524
0.8241
0.2694
0.2764
0.3309
1.9489
1.1634
0.9252
1.4455
0.8429
6.0099
2.7512
0.4024
1.4857
0.0553
2.0505
0.5286
0.4836
0.1803
0.2428
1.5869
0.6409
0.1421
0.4594
1.1209
3.9218
1.1946
0.1382
1.3608
0.5538
2.5833
2.0101
0.6098
0.0847
0.3360
0.7092
3.8918
1.5085
0.2178
0.6030
0.5441
0.0555
1.4072
1.8918
0.1843
0.2148
0.7165
1.5269
0.8224
1.0043
0.1598
0.6189
1.7024
2.2565
0.0000
2.3859
0.9208
0.7194
0.3823
1.0071
0.8210
0.6198
0.2088
1.5869
0.6022
0.1510
1.9259
1.8685
0.9808
0.5713
0.8920
0.9474
0.1638
1.8089
0.4920
0.1944
0.8038
0.3956
0.0616
0.2055
0.0000
2.0200
3.3542
0.2432
1.3507
0.0000
0.2462
1.2534
1.5134
0.6777
1.0234
0.8200
0.9787
6.3988
0.0803
0.1886
0.8388
3.3596
0.6582
0.2752
1.0318
0.7823
0.2776
0.9207
1.8327
0.8820
0.4239
0.8022
0.6135
3.7715
2.3233
0.0000
1.5151
0.0297
1.6241
3.4054
0.0857
0.4063
0.1452
0.8231
1.7387
0.5049
0.4735
0.2577
0.1213
0.6502
0.1582
0.5094
0.5549
1.8805
0.1820
2.6783
0.4081
0.5722
2.5198
0.7440
1.8025
0.6173
0.7198
0.9355
0.4442
0.3553
0.7036
0.2363
3.5901
0.8022
0.1659
0.1140
1.3401
1.3239
0.2023
2.3809
0.2673
0.0458
0.7186
0.8436
0.5412
0.2878
0.1651
1.8566
0.1025
0.0102
0.4220
0.3213
1.7281
0.2248
1.1339
0.1594
0.0367
5.9976
5.3797
1.8040
1.4965
0.0249
0.4189
0.1016
0.0035
0.0893
0.4395
1.3145
0.5325
0.8014
0.0697
0.6685
2.9181
1.1725
0.1714
0.3607
0.5311
1.6938
0.4332
2.0865
1.5748
1.3491
1.6556
0.4787
0.7621
0.0904
0.0000
1.1803
1.7598
0.7368
1.9225
0.3019
0.0011
2.8784
0.0031
1.2684
0.3619
1.2725
0.4122
6.1310
0.9498
0.0000
0.6457
0.3924
0.9730
1.2621
0.9520
0.6633
0.0979
0.1575
0.9115
0.1126
0.4952
0.6207
2.0539
0.0073
0.5498
4.2068
0.2962
1.8677
3.2719
0.3765
1.1559
0.9031
2.2758
0.7565
4.1505
0.3434
2.0503
0.4374
0.6566
0.5725
1.1692
1.3858
0.4350
0.3238
4.4235
0.3379
0.0745
3.1524
7.7992
0.7985
0.6111
0.4297
0.1872
0.2359
0.3603
0.9927
0.3020
2.2269
2.2373
1.0298
2.6365
0.4415
1.3585
1.9501
0.4469
0.8990
0.5839
6.0359
0.0000
0.6093
0.3928
1.4132
1.0937
0.0897
0.8378
0.3070
4.1489
5.7945
1.2540
1.7980
2.3069
1.8532
0.9672
0.8679
0.4048
0.5728
0.0786
0.9771
0.9494
1.5485
0.5332
0.2968
0.2791
0.9558
0.0450
0.2218
1.9450
1.8261
0.0080
0.4781
0.4891
0.2959
2.0359
1.1379
1.4682
2.3465
0.1284
1.6023
1.2681
1.9171
1.9514
0.2894
0.0998
0.4205
0.0003
1.4440
1.0658
0.1575
0.2570
0.2079
1.7513
1.5346
0.1868
0.8325
0.2771
1.9238
0.8155
1.3739
0.3485
3.3437
0.5125
0.7305
2.8568
0.4483
1.3266
2.4525
1.7613
0.5804
0.4613
1.6101
0.3498
3.0987
1.9426
0.4995
2.5272
0.8191
0.7229
0.1063
0.1249
0.4403
1.3173
0.0800
0.1065
2.4821
0.7766
3.6538
3.6052
4.0367
0.9411
0.3307
0.5377
0.0431
0.2981
0.2979
0.5530
1.8751
0.1034
0.6495
1.5627
2.7449
0.2214
0.9483
0.3173
4.3738
2.4553
0.8273
0.3473
1.1289
0.3356
2.1261
1.4101
2.3216
4.3804
0.0141
0.2217
0.1486
1.7615
1.3035
0.1972
0.0783
0.7036
1.2807
0.0027
0.3722
1.2724
0.8671
0.5508
3.4422
0.5362
0.5364
0.6293
2.3619
1.0481
0.1719
0.5484
0.0313
1.1164
0.7064
0.2920
1.7361
1.2343
1.4054
1.3570
1.1531
1.1040
3.1894
0.0156
2.2033
0.8712
3.9611
0.3112
0.3386
0.5524
0.0554
0.0677
1.3066
0.7807
3.0183
1.7194
0.5686
0.2310
0.8092
0.1748
1.9611
1.3834
0.4317
1.4589
1.3064
0.7953
0.0040
0.3698
0.3906
1.1285
1.6031
0.4191
0.0000
0.4176
0.4088
0.1019
4.0475
2.0163
2.2430
1.8756
0.4287
0.7546
0.4533
0.3606
0.4964
0.7659
0.2437
4.1152
0.1222
0.2794
0.4900
0.7529
2.1978
4.7753
3.0009
1.9421
1.1217
4.4432
3.0846
0.0330
0.4406
0.1351
0.9258
0.2893
1.5693
0.1091
0.7171
3.0894
0.7652
1.7276
0.1002
0.3274
0.8550
0.6581
1.2316
6.7827
0.2184
0.9537
2.2731
0.0020
0.8017
0.0000
0.6703
2.9799
1.6574
0.0508
1.0807
0.7540
1.3318
2.6774
0.9638
2.5128
0.5858
1.4726
0.2812
0.2747
0.2696
1.1041
0.4172
2.2302
0.8067
0.8835
0.5801
1.8579
2.1888
1.5856
0.5832
2.6620
1.1723
0.9337
0.6288
0.0090
1.3217
1.9307
0.4734
0.7396
1.6305
1.2733
1.7138
0.2445
1.1393
2.5502
0.7254
0.5734
0.0541
0.0406
3.6484
2.2713
0.0110
1.3757
4.8522
0.9168
0.4075
0.9004
3.2947
0.4871
0.1068
1.2304
0.6734
2.8938
1.1412
1.1230
0.1724
2.7728
0.5961
1.9684
0.7783
2.1051
0.0905
2.3887
1.5775
1.5664
1.2209
1.2970
3.3950
0.5998
1.7685
3.0198
3.6272
2.8563
0.5248
0.3480
1.2010
0.6485
1.0985
1.3634
1.9405
0.2639
0.4857
1.2526
3.1820
0.5923
0.2624
0.2967
0.1678
1.1182
0.2455
1.5132
0.6546
4.0116
3.2070
2.1758
0.7561
1.5532
1.2981
2.0375
1.8495
0.3568
1.6942
3.1357
0.5726
2.7724
1.8051
0.3668
0.3514
0.6309
0.7406
1.5843
0.5645
0.1550
2.7317
2.1822
1.0079
0.4967
2.0747
0.2385
0.5736
2.7905
1.1633
0.7867
0.0259
2.7569
0.6743
1.2710
0.5776
3.1217
0.7683
0.7210
1.6701
0.0400
1.0170
0.5908
0.2744
1.2057
0.2741
1.1435
0.2692
2.8644
3.1207
1.3148
1.8720
0.4459
2.7509
0.0535
0.2036
1.3257
0.0594
1.1622
0.1668
1.4680
0.2013
0.2602
0.7346
1.0384
3.0685
2.1959
1.3900
1.0041
0.3285
1.4611
0.0371
3.3044
0.5875
0.2449
0.0198
1.5429
0.6885
2.2248
0.0334
7.5994
0.3359
1.1403
1.3049
0.3788
1.2519
0.2569
2.1476
2.8736
0.0309
1.9806
0.7821
0.2262
0.7512
1.0793
2.2227
1.4548
0.8777
0.6453
0.9742
0.7282
0.6706
0.0610
1.0533
2.0797
2.3509
0.0628
0.9973
1.0817
0.2290
0.3715
0.0090
0.6702
0.1830
0.7321
0.1076
2.6850
0.6414
2.6630
0.0102
1.8499
1.3328
2.9862
0.3998
0.8395
1.2284
2.0574
2.1816
0.8203
3.6360
1.3573
0.5102
0.2404
0.1381
1.4315
0.1971
1.8837
4.4736
1.5556
1.2909
0.3378
1.2135
0.7274
1.1820
1.8861
0.6387
0.7684
0.9416
0.2000
0.8294
3.8096
0.2498
0.3186
1.0360
0.4139
0.6138
0.1262
3.1014
1.6160
0.0726
0.6320
0.0197
0.6821
0.7859
2.5040
1.2403
0.0035
0.6216
0.1699
0.1679
0.0361
0.1258
0.7757
0.4110
1.2670
1.2590
0.1705
2.1761
0.8876
0.0040
0.4769
0.5349
0.2690
4.2282
3.2539
0.3599
0.4804
0.7796
0.0666
2.6439
1.8966
0.9167
0.2957
0.8067
2.2324
0.0416
2.0765
0.9108
0.7766
2.2763
0.6978
4.7955
0.0587
2.5227
3.5541
0.4587
0.8880
1.0741
0.0746
0.5107
1.5952
0.1898
0.0316
0.5155
5.5861
3.6443
0.9889
0.1100
1.6128
0.4136
0.2863
0.9933
1.4494
1.0399
1.0505
2.0143
2.0159
1.5665
0.2509
0.4458
0.0002
3.7543
0.0761
1.3330
0.8563
3.3348
0.0148
0.8803
0.1172
0.1400
1.0905
0.3311
0.7246
1.9201
0.6250
0.3037
0.1020
4.2903
0.6704
0.0004
0.4112
0.6617
0.3521
1.0211
0.8386
0.2807
0.0023
1.3371
0.0821
0.5360
0.6771
2.2843
0.6540
0.3227
0.5414
6.9401
0.5944
2.1456
0.3808
2.5604
0.2793
0.7058
0.8933
0.7965
0.1260
0.0000
0.2121
1.6518
1.0458
0.0002
0.1418
0.6919
0.4653
1.2152
2.2358
0.5144
1.0300
2.5635
0.2921
0.2366
1.3340
0.0000
0.1661
0.3656
1.1526
0.7731
0.0282
0.1527
0.4208
0.4429
0.5917
0.0897
0.5949
0.0743
0.0000
0.7870
0.0331
0.5187
0.4216
5.0491
0.9550
0.6566
2.0947
0.5313
0.0414
0.3825
0.6347
0.2126
1.7510
0.2486
3.8849
0.0400
1.6499
2.8023
5.2041
0.1304
1.8115
2.2971
0.0267
0.3128
2.3421
0.8877
0.0051
0.2535
0.4269
1.1770
0.2076
6.1957
0.5743
3.2576
0.8635
0.7585
3.0305
3.4046
