0.8617
6.3043
8.0508
0.7588
3.9995
0.2733
0.5730
0.0000
3.5523
2.7661
1.2420
1.7133
0.1661
2.1602
2.7712
0.2039
0.7492
1.3978
3.1369
0.5534
3.6433
1.0397
0.7253
1.0972
4.3398
6.1050
0.1509
1.4460
0.7510
4.5170
4.0186
11.0665
13.0808
1.8023
0.3767
4.3085
0.4468
1.0800
4.0415
3.6188
0.0054
2.1271
0.2539
4.0281
4.1510
0.5510
2.9387
0.6134
1.3223
0.4353
0.5161
0.6073
0.2012
0.2813
1.6215
0.1902
0.1894
1.0297
0.0296
0.8534
0.7009
0.5030
0.7527
0.1861
1.2549
0.7228
2.2507
0.6500
0.1428
0.4383
0.8035
0.0804
0.6206
0.7062
0.5825
0.8290
1.1541
0.4882
0.2167
1.0426
0.7341
0.5106
1.7255
0.6332
0.5208
0.2322
1.4160
1.6426
0.6933
0.3266
0.4829
0.4656
0.1797
1.3354
2.1830
0.1137
1.0853
0.3739
1.3198
3.3805
0.0365
0.1451
0.0000
0.2937
0.2509
0.6264
0.2697
0.3341
0.4877
0.6905
0.5717
0.1469
0.8630
0.0913
0.2901
0.0990
0.5419
0.0235
1.9159
0.0756
0.0560
0.1327
0.2020
0.0633
0.1655
0.0410
0.0718
0.2955
1.8291
0.1381
0.0384
0.3121
0.4933
0.4978
0.8051
0.3105
1.0247
0.3141
0.8009
0.0559
0.9493
1.3600
0.2800
0.2857
1.0959
0.0405
0.8313
0.6923
1.7909
0.8209
1.1325
0.9375
2.2864
0.1382
0.0139
0.7269
0.7942
0.0964
0.0162
0.4665
0.6308
1.0589
0.2385
0.6289
0.7626
0.4055
1.1155
2.2757
0.1548
0.2082
0.7521
0.1700
0.7054
0.1338
0.1911
0.5652
0.6697
2.1401
1.1493
0.2495
1.5052
0.2408
0.9487
0.2812
0.7689
0.3572
0.1709
0.4173
2.6395
0.2578
0.8022
0.8866
0.1205
0.2497
0.9408
1.9000
0.4527
1.2027
0.0039
0.1858
0.3009
0.2672
0.1010
0.4525
0.2549
0.2900
1.1172
0.0458
0.3034
0.5133
0.8999
1.3863
0.2990
0.7035
0.0388
0.1085
0.8464
0.0903
0.0067
0.2129
0.8432
0.5613
0.0818
0.3036
0.0518
2.3771
0.0864
4.0474
2.1368
0.0003
0.6454
0.5447
1.5146
0.8355
0.0000
0.1716
0.1808
0.4181
0.0729
0.0685
0.4967
0.5799
2.0948
0.0497
0.0061
0.1875
0.0235
1.6541
0.1098
0.4973
0.0496
0.9499
0.2472
0.0327
0.2624
2.2838
1.0797
0.2881
0.5983
0.3164
1.4871
0.1532
0.1886
2.1821
0.2519
0.9857
0.1901
0.8462
0.1243
1.0863
0.2529
0.4838
0.1043
0.0360
1.4927
1.1386
0.0340
0.0008
0.0111
0.1283
0.2962
0.3456
1.2859
0.3415
0.7552
0.2321
1.0405
0.0171
0.2882
0.4439
0.0765
0.1919
0.3021
0.0862
0.8811
0.6130
0.2481
0.0000
0.8865
0.0007
0.1325
4.4192
0.6178
0.6110
0.3778
0.1782
0.3928
0.5331
0.1270
0.0226
0.1937
0.1551
0.0636
0.2655
1.7556
0.6039
0.4445
0.5986
0.3855
2.3483
0.2783
0.1294
0.7509
0.5300
0.7409
0.6036
0.9101
0.1896
0.6957
0.0072
0.3678
0.3559
0.2021
1.7693
1.3274
0.0007
0.2899
1.7478
0.5695
0.1601
1.2110
0.8021
1.1863
1.3689
0.6089
0.2098
0.7560
0.9213
0.1868
0.0176
0.7415
0.6920
0.0327
0.1450
0.7005
0.3918
0.1047
1.3372
0.3224
0.0017
0.2836
0.1136
0.3947
0.1504
0.0980
0.5285
0.1497
1.0584
0.3003
0.5529
0.5232
0.7072
0.9698
0.1005
1.9515
0.4314
1.8935
1.0887
0.5711
0.7926
0.0019
0.0695
0.3646
0.4761
1.3450
0.1050
0.5648
0.8004
0.0732
0.0970
0.3593
0.5756
0.6143
0.2937
1.4842
0.6974
0.0783
0.2671
0.3796
0.4115
0.8980
0.4520
0.0286
0.5745
0.5276
0.4577
0.9058
1.3634
0.3747
0.0937
0.1126
0.6277
0.0431
0.4483
0.8548
0.4264
0.3385
0.0256
0.0919
0.0087
1.6306
0.1021
0.5336
0.2407
0.5548
0.5488
0.3165
3.0293
0.0426
0.0512
1.2305
0.6896
0.1903
0.3835
0.4954
0.8956
0.2266
0.0940
0.2575
1.0226
0.0469
0.9913
0.3258
0.0508
0.7189
0.9103
1.5012
0.5898
2.6654
0.0727
1.5824
0.0007
0.9025
1.1323
0.3801
0.0800
0.8374
0.0624
1.9292
0.0358
0.0040
0.1409
0.6334
0.9679
0.1782
0.7281
0.5420
0.1980
0.3593
0.0130
0.3142
1.3715
0.0534
0.5584
0.2996
0.0049
1.3239
0.3575
0.6603
0.4503
0.8333
1.8106
0.6795
1.0673
0.1249
1.5689
1.3160
1.1645
0.0533
0.8196
1.9060
0.7553
1.1832
0.7708
1.4241
0.0494
0.7723
0.2130
0.6583
0.1839
1.5092
0.6720
0.0571
0.2425
0.1415
0.2773
0.0574
0.0902
0.3503
0.0216
0.4657
0.1792
0.0141
0.3368
0.3354
0.4149
0.2128
2.8632
1.0105
0.7107
0.8594
0.2850
0.7798
0.0435
0.0113
0.0783
0.5777
0.4868
0.3290
1.2769
0.1791
0.0549
0.1175
1.1362
0.0223
0.5359
0.2891
0.6943
0.0792
0.1845
0.1777
0.8660
0.4040
0.8708
0.9201
0.8311
0.6203
1.8344
0.1719
0.1676
0.6171
0.3867
0.3558
0.2518
0.2938
1.2033
0.0925
0.5337
0.0223
0.5572
1.0747
2.6479
0.3291
0.0119
0.4021
0.6614
0.4349
0.2003
0.0089
0.1779
0.0277
0.7043
0.8747
0.9279
1.6917
0.2716
0.5450
0.3833
0.3686
0.2106
0.5934
0.3342
0.6006
0.1976
0.1763
0.2687
1.0248
1.7764
0.6469
0.7370
0.4003
0.1189
0.2227
0.2250
0.1202
0.1575
0.1053
1.4303
1.1294
0.5285
0.7623
0.6267
1.5668
0.0747
0.8581
1.3260
0.4909
0.6362
0.3661
0.0885
0.3842
0.0216
0.3004
0.3231
0.8457
0.8947
0.3956
0.5164
0.0918
0.1481
0.1969
0.7783
1.1362
0.0365
0.8827
0.9992
0.1280
0.2462
0.1847
0.1247
0.0496
0.6874
0.8366
0.0925
0.4712
0.1923
0.1640
0.5140
0.8578
1.3146
0.2672
0.0552
0.2185
0.0174
1.7951
0.2800
0.6363
0.3810
0.4496
0.5230
0.3672
0.0662
0.0176
0.2457
0.4045
1.6199
1.3096
0.1018
1.3211
0.1069
0.0181
0.1600
0.4301
0.1653
0.5395
1.1776
0.4505
0.9566
0.3523
0.4377
0.0564
2.6412
0.7443
1.2272
0.6335
0.2357
0.0340
1.4893
0.4623
0.2537
0.8489
0.6233
0.1324
0.7375
3.4769
0.9104
0.5355
0.2570
0.8796
0.3701
1.2272
0.1904
0.8596
1.8844
0.7440
0.3923
0.2627
1.1980
0.0768
0.1129
0.9922
0.2589
0.4573
0.0321
0.7358
0.0579
1.1981
0.0833
0.9540
1.7608
0.4705
0.0606
0.6141
0.6213
0.4610
0.8494
0.0000
0.0078
0.2709
2.2340
0.7689
0.2252
0.0118
0.9030
1.5603
0.3643
0.3259
0.2788
0.7406
0.4052
0.3779
0.2794
0.2354
0.8794
2.0708
0.8450
0.0725
0.0816
0.3603
0.2116
0.2055
0.5907
1.2421
0.2714
0.0149
0.0363
1.9968
0.4457
0.3168
0.1024
0.1235
0.2829
1.2244
0.0215
1.2617
0.3420
0.4344
0.0395
0.1245
0.0759
0.4324
0.5443
1.5579
0.2447
0.9281
0.2851
0.6343
0.3647
0.0060
0.7151
0.1452
0.8315
0.2616
0.7002
0.1124
0.1255
0.3202
0.0121
0.2479
0.1607
1.6037
0.0677
0.1805
0.8569
0.0171
0.4343
0.7673
0.2186
0.0000
0.7945
0.4033
0.2170
0.5307
0.9975
0.7893
1.8843
0.2265
0.2430
0.0617
0.5488
0.5337
0.0990
0.1775
0.0811
0.4072
0.5772
1.0336
0.5607
0.6032
0.1323
2.0338
0.0432
0.0066
0.0563
0.1950
0.0406
0.2892
1.7528
1.7839
0.1074
1.3705
0.3945
1.0676
0.7839
0.0824
0.1966
0.7019
0.6725
0.0021
0.0439
1.6693
0.1150
0.3318
0.3072
0.3896
1.0397
1.1394
0.9078
0.1607
1.1873
0.0166
0.1851
0.1967
0.3038
0.5575
0.1032
1.6229
0.3939
1.0959
0.2839
0.6987
0.3514
0.2461
0.3828
0.1345
1.3711
1.4993
0.1946
0.9996
0.0391
0.1096
0.1715
0.7446
0.7210
0.2313
0.4074
0.2796
0.1896
2.9193
0.0545
0.4131
0.0532
0.3852
0.5264
0.1169
2.1038
0.6738
0.6478
0.9479
1.0977
0.8342
0.2872
0.2055
0.6110
0.1895
1.7586
0.0644
0.5210
0.0078
0.0576
0.3795
0.5247
0.8291
0.5421
0.2604
0.3697
0.1793
0.2424
0.0029
0.1533
0.1423
0.0765
0.9408
0.2363
0.3275
0.3356
0.9834
0.2600
0.0328
0.4510
0.6582
0.0457
0.2447
0.3428
0.1501
0.9523
0.5064
0.5712
0.0190
0.0303
0.0175
0.0659
0.4177
0.9568
0.2915
0.1971
0.6411
0.4356
0.4071
0.3594
1.5309
0.3173
0.3912
0.4317
0.2650
0.0735
0.0670
0.3332
0.6471
0.4201
0.0086
1.8304
0.5053
0.0756
0.0272
0.0220
1.2546
0.2477
0.8685
0.3758
0.6076
0.1127
1.7525
1.5349
0.1914
0.0858
0.2732
1.2540
0.2365
0.4580
0.5229
0.9530
1.8638
0.0931
0.7616
0.1651
0.1499
0.0017
0.0365
0.4648
0.3177
0.2586
0.2569
0.5589
0.2627
0.5350
0.5337
1.0557
0.2058
0.9310
0.4656
0.0220
0.1861
0.2699
0.0262
1.0216
0.2535
0.9181
0.0899
0.2736
0.4890
0.0001
0.5142
1.0157
0.0823
0.1461
0.2170
0.4912
0.9613
0.4010
