5.2319
0.5000
0.4261
3.0650
13.7588
2.3797
1.4392
2.4100
2.8834
0.6601
4.2509
7.4117
0.1856
1.2105
0.0781
3.3462
0.4375
3.2422
1.4633
4.0335
1.4395
3.2941
0.0699
0.0552
0.0141
3.2026
0.1866
1.6418
0.3600
1.6142
5.3873
0.0079
0.6037
0.3250
2.4858
0.6406
1.8458
2.0137
3.2009
1.0717
4.8309
4.9616
1.3435
1.1053
1.2044
0.9902
0.3112
4.7812
0.0140
3.3671
0.6138
0.0000
1.8515
2.2539
0.2796
1.1142
1.7690
6.4954
0.2043
0.4314
1.4941
2.3056
4.3776
1.3504
0.5623
0.1688
0.8682
2.0639
1.3770
0.4023
2.0409
1.1092
0.8670
3.0959
0.6263
1.9516
0.7294
0.2243
3.4710
0.0250
0.0377
12.1279
0.6753
0.5858
0.3043
1.2709
0.8134
2.5350
2.9819
1.5147
1.0477
0.9852
0.4243
0.2921
1.1538
0.2663
1.4673
0.0939
0.8546
5.0969
2.7915
0.1929
0.4065
0.1126
2.7341
3.0111
1.1908
0.1605
0.2574
1.0404
0.8152
1.2001
0.7904
2.2135
2.2760
2.7640
2.7157
0.6353
2.9245
0.4029
1.8064
0.8134
0.1946
1.8122
0.4282
1.8962
0.0665
0.0746
0.0167
0.5981
2.0725
2.0596
0.0852
1.0412
2.9711
0.1769
1.5133
2.7253
0.6591
0.8352
0.8943
1.5625
0.0046
0.0577
0.3660
5.3405
3.4722
2.8136
0.2530
2.0065
2.7711
0.2936
0.7661
1.5812
0.2570
1.8416
0.4915
0.3373
0.7370
2.1308
0.4278
5.2392
0.3584
0.8620
1.6301
1.8738
0.5887
1.7081
0.2532
0.0717
0.7476
0.0609
1.3455
0.4464
0.1230
1.2853
0.8236
0.1020
0.3519
0.5516
2.6266
0.0169
0.3377
0.3474
4.4159
0.5833
0.1259
1.0320
0.8708
2.1792
0.6458
0.8218
0.0074
1.4478
0.2071
2.7075
0.3508
0.7494
0.0035
2.9866
1.0883
2.1490
1.3773
0.1796
1.9659
2.4363
1.6177
1.6598
0.9000
4.4426
2.6926
0.8360
5.6227
0.2383
0.3727
0.1866
0.7074
1.0675
0.4817
0.2753
1.9974
1.1956
0.7019
0.5030
0.2378
0.5776
0.0385
1.5923
0.3360
0.2159
2.0181
2.1979
2.2305
0.1321
1.1213
3.8157
2.8996
0.2173
1.0681
0.9006
1.6237
6.1590
5.1436
2.9368
2.4542
2.1105
3.0204
0.0107
0.6308
2.1738
3.3738
0.2861
0.3005
0.0001
0.0000
0.7012
0.0000
1.3474
0.5647
0.6352
0.1591
0.0357
5.1346
0.9580
0.2857
0.0000
3.7030
0.2161
0.3456
0.3017
0.6480
2.6050
1.4671
0.8548
1.6203
1.7742
0.2634
3.2297
0.5307
3.3243
0.5822
0.4662
3.3801
2.1625
0.7482
1.4382
0.0506
0.1841
1.6769
0.6171
2.9688
1.0808
0.5335
3.6264
0.4771
0.0103
4.7349
0.0878
1.2051
1.3154
1.8256
6.8782
1.9162
0.3560
1.6067
2.5121
1.1992
0.2560
1.1148
1.5291
2.0775
1.7259
0.3488
0.1984
0.3374
0.6995
1.7384
2.5287
0.3571
5.0957
0.3414
3.6944
0.5255
1.6360
1.1251
1.0496
1.1260
1.7791
3.2212
0.3343
2.3813
0.3139
1.3189
0.0001
1.1301
2.3603
2.0994
0.7093
1.2235
0.0000
0.1729
1.0999
0.5881
2.4194
0.8152
1.2143
1.1724
2.9423
0.3450
0.5963
0.3958
0.2927
0.8978
1.0650
1.6531
1.7589
1.0826
0.0910
1.7095
0.5434
2.0476
0.2152
0.0808
0.7999
0.6576
2.1854
0.3965
0.6413
0.3721
0.2305
2.1342
1.9639
0.6755
0.1453
0.0432
1.5941
2.3291
0.5026
2.2251
0.2157
0.7793
2.5011
0.9957
0.0000
3.3981
0.6152
0.2782
2.9961
0.4327
0.2991
0.1386
1.2008
2.9021
1.1858
1.2784
0.1015
0.5572
2.6978
0.3670
3.0130
5.0117
0.7361
3.5025
2.8816
0.8854
0.0479
1.3045
0.3197
0.4522
1.7406
0.3287
0.8936
1.5283
0.6354
0.1188
3.2766
1.0843
3.9986
1.0728
0.1781
0.0648
2.3250
0.5894
2.9645
0.5913
1.0149
0.8113
0.8272
2.4152
5.5133
2.5727
1.5599
1.8721
2.2483
0.8052
0.1374
2.0847
0.3958
0.6547
1.5476
0.4639
2.7218
0.8523
0.1496
1.3788
3.5166
1.1606
0.9243
0.7998
0.4376
0.1681
1.2527
0.3713
0.1897
1.3998
0.3610
0.4225
0.1728
0.7328
0.0000
1.1711
3.0673
0.4711
0.9173
0.0864
0.8781
0.8707
2.5779
0.1265
0.8169
0.5740
0.3241
1.9553
0.4217
1.8026
1.3064
0.9068
0.2462
0.6930
2.2595
1.2953
0.0421
0.3239
0.9645
0.3237
1.4519
2.0345
0.1413
0.0168
0.6493
1.1071
2.7156
1.5583
0.9069
2.1208
0.5178
0.1526
0.5259
1.0184
0.2859
0.2259
0.1911
0.6672
0.3218
2.7293
0.8743
0.9095
0.5086
0.9267
2.8317
0.5563
3.7059
0.7824
1.4816
0.2152
1.4438
0.2943
0.1174
0.6328
2.0732
0.0008
0.0444
0.2834
1.0984
2.2378
0.4319
0.9251
0.3409
0.0662
3.8330
1.6446
0.0038
0.3212
0.1601
1.3835
3.2404
0.0444
2.3593
0.2108
1.5108
1.6379
0.0349
0.3465
0.0043
2.8958
0.1671
1.1201
1.5007
1.7366
0.7721
2.3605
0.5540
0.2873
2.6642
2.9537
1.3116
1.3828
2.2580
2.3096
1.9772
1.3141
0.0150
1.2002
0.4794
0.0686
0.0106
4.7119
0.4931
5.5476
2.5768
0.4978
0.7725
0.9228
0.8818
0.0968
0.9178
0.1902
0.1462
0.3606
0.0048
0.6103
2.4639
1.2481
2.4265
0.7868
0.1207
0.0040
1.0469
1.5169
0.2556
1.6256
0.9409
0.8048
2.9094
2.3887
0.0630
0.1369
0.3018
0.2512
0.2776
1.3405
1.0527
1.4611
0.6878
0.5796
0.5264
0.3362
0.0811
0.2990
1.0226
1.0029
3.0323
1.2157
0.4225
0.2647
1.0887
0.2933
0.4419
1.4526
0.3302
0.1767
0.1914
0.0308
0.8617
0.0398
0.4501
0.6340
1.2315
1.0134
4.5768
1.0057
0.9484
0.4715
0.3866
3.8504
1.1213
3.2427
0.5053
0.0675
0.3070
1.0953
0.6806
1.3082
1.4034
0.2525
1.4896
1.4009
0.0644
0.9817
0.0213
3.0855
2.2622
1.8964
1.9877
0.2940
3.2419
0.9612
0.5080
0.8752
2.4032
0.7497
0.4033
0.1470
0.6185
0.4031
0.5287
1.3952
2.4350
0.9467
0.1529
1.2615
0.3973
0.1970
0.9244
0.4011
1.2125
0.7037
1.8298
0.3249
3.5682
0.4188
0.2839
1.1240
2.6650
0.0267
0.6721
2.7334
0.1981
0.0281
0.9868
0.7793
0.1657
0.3110
0.5669
0.7360
0.2964
1.4458
3.3220
3.1420
0.9571
0.4884
0.3575
2.2552
2.0425
0.0865
0.2027
0.2856
0.2659
0.1498
0.1572
1.6102
1.2179
0.0199
3.2828
0.0512
0.1962
2.3965
0.5995
0.2121
0.4691
0.8340
0.6763
0.4052
2.9869
1.7256
1.8201
0.9012
0.3300
2.7274
0.2378
1.3741
0.2708
0.8125
0.2296
0.2741
1.6317
4.4755
0.3462
0.0372
0.2611
0.2910
1.4483
1.5821
0.2193
0.1531
0.0932
0.6087
0.2211
0.7933
0.1773
1.7622
1.7377
0.3661
0.2399
1.9245
0.3311
0.7261
0.2857
2.2123
1.4374
0.7721
0.1571
2.0864
0.6911
0.8114
0.8038
2.5273
1.4081
0.2145
0.7795
0.2443
1.4124
0.6908
0.1346
0.0534
0.2263
1.6814
0.6405
1.2022
3.1496
0.3475
1.4558
0.2455
1.1351
3.5159
1.7858
2.1933
0.1924
1.5594
0.7595
0.4247
0.7453
1.8034
0.1685
0.1030
1.7657
0.3230
0.0135
1.0175
0.3112
0.1421
0.0521
1.8292
0.5020
1.1313
0.4952
0.4271
0.5436
0.0029
0.3031
1.3780
2.5374
0.1866
0.2326
0.0831
0.2426
2.1342
0.5329
0.9380
0.1060
0.4753
0.6547
0.1894
0.7528
1.4456
0.4604
0.9733
0.2115
0.8725
0.4163
0.9424
0.2590
0.6089
0.1295
0.9281
0.5060
0.5652
0.0383
0.0649
1.1044
0.9093
0.4576
0.2349
0.1436
0.2037
0.4114
1.8108
0.3053
0.8843
0.7976
0.2346
1.6872
0.4437
1.0068
0.4791
0.8176
1.0607
2.0189
0.9816
0.2955
1.9340
1.6207
0.1899
0.6153
0.1979
1.0096
0.0088
1.4486
1.1002
0.7799
0.4439
0.7201
0.5945
1.1234
0.4045
0.5160
0.0882
2.7703
1.4979
1.8055
0.3446
0.1451
0.9244
1.8925
0.9583
0.0518
0.0945
0.5892
2.1141
1.1803
0.1253
2.5990
2.0554
0.5408
2.9431
0.0778
0.2889
0.2807
0.5354
4.9593
0.4275
2.3725
0.1654
0.1399
2.1153
1.9946
1.2880
0.6193
1.5072
0.6072
1.0363
0.4311
0.3683
0.2016
0.8123
1.6503
1.3045
0.7519
0.7013
0.9040
1.4951
2.2992
1.0327
0.5541
0.1034
0.0381
5.6660
0.0524
1.1888
0.8688
0.1517
0.8270
0.0018
1.2415
0.4143
0.6591
0.5738
0.5449
0.6031
1.4202
0.9011
0.3038
0.4595
2.8605
0.4070
0.5205
0.1751
0.4740
0.5607
0.0000
3.4251
2.3750
2.3929
0.3683
0.1106
0.1080
1.2079
1.9048
1.8514
0.5179
0.0529
4.3123
0.2949
0.0275
0.7463
0.2749
2.0816
0.2795
3.6339
0.6249
1.6616
0.4920
0.1247
1.7744
1.2640
1.6659
1.1618
0.4677
0.8572
4.1220
0.4268
2.2479
0.4059
1.6110
1.4173
0.0397
0.2597
2.6509
0.4263
1.4608
0.0771
0.1452
0.2987
1.7565
0.8468
0.0796
0.9016
4.3501
1.4937
0.3742
