0.5390
0.1097
9.1006
5.0408
1.4294
0.0075
0.7700
1.7571
1.9790
2.5688
0.0000
0.8192
0.2317
0.2502
19.9999
2.5630
0.8207
3.9661
3.0550
2.4393
4.1224
0.2380
0.4934
2.4274
3.2902
2.9374
1.1854
1.6335
6.2454
3.5065
0.1194
3.9182
3.9760
2.4908
1.7076
0.0222
0.3451
0.4135
1.4208
4.9618
2.7574
4.3973
1.4896
0.5461
4.0099
0.9930
2.5674
4.5663
1.4198
2.1634
2.3664
2.3863
1.0098
0.4700
1.7102
0.7892
3.0368
0.0738
1.4292
0.0816
0.8275
0.4094
0.9065
0.0396
0.0869
0.8019
0.5298
1.8383
1.7437
2.5206
3.2589
0.1427
0.4038
0.7495
5.3353
0.5939
1.4792
4.4084
2.1585
1.8229
1.6352
2.5625
0.0813
0.0669
1.8712
1.0913
0.0056
0.3894
0.3014
0.3972
1.1510
0.2817
0.1545
0.1131
0.4366
5.4551
2.7739
0.4158
3.9632
4.0091
4.4539
4.6884
0.2110
1.5204
1.6473
2.5331
0.2586
0.2682
4.6291
1.9654
0.2996
0.0208
1.2097
1.5152
0.2153
0.6107
0.7654
5.5841
1.0864
0.3493
1.0644
2.6069
0.3201
1.8711
1.9658
0.0000
0.5876
1.2287
0.1648
1.2536
3.7652
1.7375
5.4214
5.7672
4.1192
0.0009
3.2632
0.7767
3.0080
0.1667
0.4382
0.6347
0.0797
0.5723
0.5308
0.5576
5.7021
0.0000
2.5192
0.5450
0.9699
0.8199
2.0560
0.5682
6.8189
1.6375
0.9840
0.0783
0.9913
0.2397
0.1730
3.3871
1.0870
4.4292
0.3428
1.9763
0.5641
0.1965
0.9015
3.6299
3.5386
3.9230
0.5974
1.3249
1.2346
4.5874
1.6414
0.9768
2.5824
0.1885
12.8611
0.0174
2.4464
1.9054
6.0591
0.2026
0.8126
2.4727
1.8200
1.0399
2.4925
1.8291
2.0758
6.9450
0.0216
0.7977
2.1118
0.5419
0.2328
0.6556
0.8902
0.7740
0.0899
0.3560
0.5930
1.8184
0.7891
0.8448
6.4013
0.1127
0.4226
5.2379
1.3515
0.0234
2.2982
0.8584
0.6125
1.6867
0.8856
2.2587
0.0762
0.0041
0.9394
1.2941
3.2839
2.1359
3.0872
4.5508
0.3951
1.0852
0.9233
1.1063
0.8447
7.5095
0.7612
3.9701
0.6593
4.4021
1.3856
1.7249
2.1776
0.3545
0.9385
0.1810
1.1131
0.5847
0.7644
0.2153
0.3146
6.5314
0.0000
2.4048
2.3981
0.3027
1.1623
0.7093
0.7078
5.3346
2.1825
0.6653
0.5302
0.1984
3.4202
0.9060
0.6639
1.0918
2.5894
1.1108
0.4189
2.0764
0.5316
2.5955
1.2281
0.2711
0.0109
0.0296
1.9051
0.2223
0.3519
1.5633
0.9332
1.7502
3.5662
5.8170
0.2789
0.5172
0.1882
1.3722
0.1557
1.9337
1.1911
8.0591
0.2501
2.2797
0.1795
1.7643
1.3032
1.2040
0.5172
1.9114
0.3168
1.5114
3.7561
0.6964
1.6058
0.5761
0.8089
2.5276
0.3746
2.3495
0.0000
0.9259
1.9199
0.5160
2.2120
1.8704
0.1470
1.5416
2.0325
0.9095
0.3631
1.5042
0.2730
0.4403
1.6238
0.0037
0.2083
0.2710
2.8853
1.0024
1.2042
1.5690
0.4669
3.3620
0.1818
0.7786
0.6570
1.2013
1.9054
0.1805
0.8591
1.4697
0.2303
2.0456
0.0391
0.7991
0.0426
2.3766
3.5512
3.5483
0.0914
0.1169
0.6884
0.0385
2.7988
1.1075
1.8058
3.5399
0.1691
1.7635
0.4235
3.7972
4.1649
2.0968
6.8470
0.9993
1.5472
3.9236
0.3149
9.6666
2.3571
0.7736
1.9725
0.7663
0.2788
0.1128
1.3451
3.9273
4.7386
1.1731
0.1196
1.9787
1.0440
0.5400
0.7462
2.7269
3.0180
3.1204
0.7013
2.6196
1.0866
2.0820
5.1773
0.2735
0.1828
3.1444
1.0371
2.0241
2.6187
1.4528
0.5935
2.7513
3.0040
6.0732
1.4667
1.3382
1.7321
1.6581
2.9065
0.8984
0.2806
0.6658
1.7333
2.0253
1.6811
1.4391
2.3432
3.2136
2.1186
1.8137
0.4488
1.0753
0.5656
1.8257
0.1134
0.6282
0.1587
4.0193
0.9982
0.3623
0.3618
0.3630
1.3421
0.7789
1.7709
1.0979
0.2608
0.0052
0.7874
0.5798
1.4876
0.8379
1.0848
2.8281
2.7094
0.4796
2.0142
1.6459
2.5104
0.3003
1.0005
4.3693
1.1870
0.0357
5.0532
6.4414
0.5817
0.2548
2.0373
0.2562
0.8613
0.1430
0.3464
2.3575
0.8527
3.3235
0.6096
1.6809
1.7691
1.1747
2.8545
0.5317
1.5289
0.9100
0.1734
0.8072
0.9090
0.0194
0.7583
0.7134
1.8152
0.3816
0.8696
0.0448
0.0479
0.4529
5.6538
0.2875
5.6797
1.3158
1.0959
2.2424
0.8683
0.4801
2.0195
0.2448
0.1598
0.9144
0.1032
0.4058
0.8099
0.3318
1.8025
0.1974
0.4932
0.9039
0.1489
0.3713
0.1257
0.4189
2.5583
0.6785
0.2136
0.0000
3.5565
1.3946
1.3039
1.9308
1.7973
1.6061
0.0897
1.2533
1.0900
0.3493
0.3438
1.5088
1.2027
0.5853
0.1324
4.5248
0.0000
0.7382
3.7103
0.6556
2.1190
0.0979
6.7423
0.0608
3.2980
0.4625
0.0495
1.1211
0.0000
0.0676
0.9023
1.0975
1.2515
2.1091
4.5013
0.8600
2.1820
0.1928
0.4055
0.2004
0.1279
0.0897
0.3171
0.5655
6.1445
0.0533
0.3260
0.4302
0.0996
1.0999
1.8425
0.1870
3.6326
0.0003
0.6869
4.9326
0.6885
1.1171
1.0811
0.1522
0.5311
0.5322
1.6229
0.3279
3.8091
0.1117
2.6927
0.9377
0.3141
1.2773
2.0554
1.5240
0.5684
0.3235
1.3676
1.1806
0.5208
2.2979
8.8789
0.5325
2.6925
0.0017
0.5565
0.1737
1.2723
0.8007
1.3279
1.8508
0.5463
0.0935
0.2823
1.6364
1.4416
3.5270
1.9008
0.0192
1.9113
0.1049
1.6715
0.0250
1.4775
0.0062
1.2456
1.4279
1.8053
0.0029
4.2099
3.1203
2.5586
0.0660
0.3500
1.6821
0.2444
0.1621
2.8579
1.7513
0.0781
0.0049
4.2243
0.9749
0.0692
2.1542
0.6607
0.5651
1.8730
5.8040
4.8566
1.3868
0.9158
0.2039
0.8422
1.1568
2.1731
1.3102
0.4072
0.4499
0.2196
1.7150
4.7169
1.1801
0.1811
0.2112
0.0056
0.0436
0.8400
1.7607
2.2110
0.8714
1.7668
1.6140
0.3231
4.4362
0.9285
1.0615
1.5478
0.6852
5.7016
3.1562
1.2877
2.2958
1.4613
0.7620
1.2286
0.1830
0.9357
0.0192
0.5087
3.5727
3.3612
0.3161
5.3843
0.5852
0.1841
0.2846
0.3631
0.2743
0.9534
0.3146
0.6245
2.1145
2.6315
0.3977
5.5495
3.0689
0.1612
1.6808
1.8285
3.5678
0.3781
2.5747
0.5702
0.2320
2.0366
0.6400
2.0058
0.0098
1.8027
1.3442
1.3741
0.9738
4.0096
0.1447
0.5336
1.1527
1.7351
1.5328
2.1155
1.0457
1.8436
0.5115
0.4524
1.3478
0.7887
3.7895
0.2924
0.1346
1.8507
0.3780
0.8245
1.0798
4.1022
0.6452
1.3498
0.9502
3.0336
0.2588
2.4758
3.3571
0.8511
4.1648
0.6424
6.5063
0.2777
0.0000
2.1457
0.5311
1.4169
1.0099
2.4989
2.7305
4.1044
2.4153
3.3960
1.0928
0.4068
0.0230
0.2592
3.1783
3.1585
1.6038
0.1868
4.6713
4.1186
0.6107
3.8036
0.8884
0.4443
8.5171
0.4814
1.4231
0.2806
2.1839
0.0831
2.5271
0.4616
1.4483
1.5911
0.2259
3.7925
0.3478
1.0982
0.6952
1.6772
0.7776
0.9747
2.3986
1.2012
3.2510
0.2325
2.9501
0.4429
0.0223
1.6957
0.1340
1.3901
0.3009
0.1607
0.5823
3.6628
1.3366
0.0000
0.0889
0.7333
0.6669
0.2934
0.1484
0.4680
2.5161
0.3723
1.9917
3.5135
1.2296
0.9709
0.8677
2.6768
0.0746
1.1672
0.7822
2.2076
0.6207
0.5396
0.0422
0.7360
1.6560
0.4871
2.1987
1.3853
6.0147
2.6711
1.6784
1.2091
1.0099
2.4102
1.4143
0.6290
2.5838
0.1647
2.3736
3.5791
8.1862
0.7063
2.3776
0.6618
3.8818
0.1023
3.7062
0.5602
0.3980
1.1098
0.8036
0.6046
0.4154
0.4973
2.0460
3.1325
2.8950
0.8712
2.1260
6.0450
1.5100
1.9039
0.0026
0.1430
4.6875
1.6321
1.5543
6.1060
0.5506
0.2977
0.7507
1.7063
