6.5788
4.8004
0.1370
0.6954
3.5790
0.4736
1.5965
0.4908
0.7882
1.7214
0.0576
5.4448
0.5150
0.4035
0.6341
0.1238
1.0826
1.7269
1.4060
0.0476
1.1202
0.1947
2.0871
4.3974
0.4644
0.1019
1.6129
1.1969
2.2024
2.6503
0.1361
0.3004
1.4175
0.8156
0.7824
1.0305
4.9957
0.0090
2.3550
1.9332
0.7952
0.0442
0.6147
0.2756
3.0795
0.1277
5.2515
3.0985
0.3359
1.0103
1.5190
4.1981
7.0441
3.5349
0.0076
4.0735
0.8067
0.8709
1.7441
0.0762
0.9011
1.4185
0.3657
0.0157
0.0805
0.4236
0.0177
0.4755
0.2868
1.0420
0.6074
3.4938
0.0044
2.6922
0.0570
3.3176
0.0042
0.5543
3.1547
0.0213
3.0497
1.9901
0.3185
0.6775
3.7505
4.0983
0.9737
0.2300
0.2305
2.4579
0.5501
0.7242
0.0002
4.3071
2.8653
0.5773
0.2482
1.3603
1.5375
1.7129
0.3418
1.0046
1.9071
0.0678
0.0000
0.2151
0.8233
1.5484
0.3687
0.8325
0.1696
0.1233
0.6529
0.9898
0.7953
1.7114
1.7536
0.7239
1.7584
1.4843
2.6377
3.3510
0.1893
2.1786
0.0645
1.1726
0.7788
0.8214
2.5142
0.0205
2.0329
1.1069
0.7036
3.0321
0.0727
0.4842
1.1393
0.5934
0.4930
2.0107
5.0073
0.0068
0.4325
0.3476
0.8616
2.0979
0.2457
2.2784
1.5068
0.1396
1.7076
2.3320
3.0997
7.1475
0.9110
0.2151
0.6428
0.2102
2.3542
1.4084
0.7540
0.4237
0.1424
0.3050
2.2785
2.1674
0.6331
0.4402
1.3848
2.0858
0.2067
0.0333
0.0001
1.7345
0.1892
0.4549
1.4345
3.3934
0.4800
1.3402
0.0987
1.1779
1.1352
1.2308
0.3527
0.0047
3.7285
2.3714
0.5299
0.1810
0.7821
0.0527
1.3015
3.0723
0.7960
3.2047
0.9970
1.9629
1.3798
1.0827
1.1594
0.0000
0.8863
0.3857
2.7699
0.0346
0.1247
1.5576
0.0036
0.1548
0.7046
2.4120
0.5792
3.6908
0.4261
1.6866
0.0247
2.3242
7.8322
0.2944
0.8410
0.9239
0.6059
0.6170
4.5763
1.0415
0.9334
0.3187
0.0685
2.3076
1.9468
2.8083
0.2278
0.7572
0.0882
2.1643
1.4892
1.1103
1.3422
2.3316
0.0000
2.6223
1.2534
1.7240
3.2244
4.5834
6.2682
2.9701
0.7916
1.3401
1.5034
5.4220
0.5614
1.1103
1.4784
1.2048
2.2978
4.1891
0.3458
0.6311
2.4279
0.4110
1.5446
1.0241
0.0657
0.5663
1.0707
1.0405
1.4499
0.8744
1.4278
1.0022
0.6044
0.2008
2.0835
0.9784
1.2054
0.3780
0.2052
0.2062
0.8690
0.4519
5.1801
0.4778
1.4260
0.6393
2.9890
0.0795
1.9787
0.1885
0.2412
1.0296
2.1070
0.8818
0.1938
0.4460
0.7823
1.0464
1.6014
1.7350
0.6065
0.9660
0.2345
0.6141
0.3753
0.2588
0.8957
1.9475
6.3363
0.6121
0.4072
1.6458
0.6836
1.1765
0.7748
1.7959
0.2056
4.4110
0.8490
0.4219
2.7475
0.5556
3.2516
0.0694
1.3570
0.3394
0.2958
1.8986
3.0317
2.3983
2.3608
0.3771
1.2619
0.4086
0.1471
4.6922
3.9067
0.0493
0.0450
0.5237
0.1854
0.5672
3.6274
0.4632
0.7970
0.0919
2.2258
3.3603
0.1023
5.3979
7.9912
0.6216
0.9034
0.9642
3.7628
0.5965
1.5308
4.0106
0.1319
0.3326
1.9397
4.5952
2.3682
2.3943
0.2452
1.6701
1.8215
2.5649
0.6253
0.5888
0.3708
0.8934
0.9966
0.1687
1.5025
1.1634
0.9881
0.8492
9.1917
0.3552
0.1050
0.0290
0.8747
0.9835
0.4242
5.3108
0.2021
1.4359
0.2000
1.2983
0.5177
0.6669
0.5116
1.1323
0.8936
2.7904
4.6829
0.5077
0.8484
0.6376
2.2390
0.0768
1.0268
3.9724
1.1871
1.3997
1.6917
0.3295
0.2504
0.3685
2.5373
0.0659
2.8643
5.9988
1.6429
1.3410
1.1788
1.0685
1.2939
1.3433
4.9928
0.7051
0.3271
0.2950
1.1805
2.1029
1.6167
0.4552
1.8674
0.9509
0.8753
3.1923
0.0846
3.2757
2.0922
0.5987
2.1792
0.7690
0.2907
1.3761
1.5456
1.8204
0.8856
0.2305
0.1233
1.8023
1.2667
1.8818
0.6190
0.1795
0.0999
0.7744
1.3591
0.7110
0.6568
0.5169
0.1370
3.3872
0.1018
1.0711
0.1468
1.1766
1.7693
1.0795
1.6235
5.7889
1.2621
0.6302
0.1888
1.2975
1.2518
0.3928
0.5564
1.3680
0.4848
1.9770
0.6503
0.4678
0.6034
2.3395
0.0754
1.3334
0.0929
1.5351
0.6791
0.6406
4.8673
0.4449
2.1088
1.0903
1.3687
0.9044
0.0054
0.3936
0.8476
0.4056
0.4217
0.5793
0.4675
2.4049
1.8804
0.4072
1.3132
3.3615
3.1773
1.4580
0.9314
0.2589
1.7805
0.9190
4.0316
0.6663
0.0851
0.7084
1.2295
0.2121
0.8642
0.5828
4.0169
0.0293
0.5864
0.1342
0.9167
1.9360
0.0641
1.5541
0.0000
0.8618
1.1139
1.2473
0.8580
4.2737
0.9529
3.9947
1.7190
3.1130
2.0158
2.5723
3.3123
1.7859
0.4184
1.9195
0.8546
1.8804
4.2683
1.0717
1.7042
0.4307
0.3885
0.0409
1.2260
0.7288
3.2573
2.1752
0.0554
1.9139
0.0285
1.6969
1.3319
1.1774
0.4980
0.4957
2.8444
1.3683
0.1686
1.1095
4.4807
4.3959
0.3939
0.3132
0.6656
2.3267
0.4298
1.1505
0.0709
0.0103
0.1784
0.0944
0.3944
0.9060
1.2651
1.0215
1.9769
0.0502
1.7140
1.0830
0.0396
0.7262
0.0870
1.1768
1.1583
0.2553
0.2511
0.0388
2.7605
1.1586
0.6936
1.4218
1.5838
0.4602
1.0628
2.7379
0.3700
0.2329
0.7829
1.7801
1.6003
0.4057
1.3111
4.1142
2.7036
1.2215
0.8696
1.0920
0.0535
0.3074
0.8309
1.0106
0.6229
1.0921
5.7223
1.7639
1.0771
0.9169
0.2369
0.5961
0.1861
0.4329
1.1597
6.7176
3.0879
1.0902
0.8197
0.3335
0.4553
1.1632
0.5387
0.5948
0.9794
2.9115
0.7057
0.0674
0.7308
0.3753
0.0879
0.0513
2.3697
0.6741
0.6552
0.0263
1.5309
1.3307
2.8001
0.4113
1.3286
2.7569
0.0000
1.5930
0.1722
3.8031
0.3484
1.6341
0.7818
0.5143
0.2696
3.2187
0.0111
0.2184
0.0023
2.7123
2.6523
2.1180
0.6774
0.1177
0.1112
3.8327
0.0247
1.4219
0.5467
1.1940
0.8041
0.1505
0.7134
0.4032
1.6168
0.3264
4.9551
1.0113
1.5106
5.8524
0.3342
0.9905
0.4765
0.1241
5.8083
2.0105
0.0059
0.0429
0.1137
2.0678
0.0026
1.8396
0.0281
1.6546
0.7550
1.1661
0.3315
0.0001
0.3316
0.6312
6.1343
1.6732
0.8075
1.4444
1.0860
0.1761
4.4590
0.3227
0.1740
1.9846
1.1520
0.2979
0.5392
0.2258
0.0593
1.6374
0.3392
0.3501
0.8163
4.1599
0.5420
1.2610
0.0604
0.5941
0.3770
0.1019
0.4642
1.0331
0.3643
2.2092
0.1859
1.6291
2.9865
2.9185
2.2004
0.6453
1.0508
4.0709
0.4335
1.1372
0.9512
1.8940
0.8681
3.7511
7.2592
0.9684
0.4290
1.6620
1.1999
0.8006
0.8624
0.4363
3.9381
0.0984
0.6550
0.2510
1.0530
0.0333
1.2420
1.3466
0.1733
0.0206
0.0727
1.4119
0.6886
0.2207
2.4402
1.0824
0.1338
1.6491
0.5103
0.8015
2.0344
4.1595
0.1402
0.4216
2.6204
0.8170
0.7496
0.5984
3.0399
0.5400
1.0561
0.0523
1.5283
2.4912
0.5983
0.6973
2.8934
0.2466
1.5424
1.4824
4.2287
0.0000
1.6246
2.1599
0.4535
0.2466
0.1067
4.1014
0.6479
0.8842
1.4242
0.6093
2.0084
0.3818
4.9670
0.8068
0.0896
0.5840
0.5380
0.9764
1.2671
3.2995
4.1002
2.3656
0.4432
0.7525
0.7984
0.4296
1.3778
0.4908
0.7828
1.6910
1.6163
3.8077
1.9307
3.4539
1.1514
0.8698
0.0000
2.8052
0.5687
3.8224
2.5874
1.4556
0.5174
5.2652
0.2002
2.6624
0.1420
1.7548
2.5412
1.7816
2.5276
0.3230
2.0183
0.1241
0.4066
0.1790
0.4027
0.3522
1.1478
0.5574
1.3085
4.8832
5.4997
0.8156
1.8618
1.7067
1.0111
3.0875
0.0020
0.0690
3.7265
0.4554
2.2304
2.9773
0.9906
1.0254
0.2606
0.7611
1.4109
0.7368
1.0054
4.6490
0.7967
0.3019
0.9667
0.3527
1.4275
1.8383
0.2836
0.5085
0.1703
0.0633
0.0560
1.5240
0.4553
3.6061
5.6205
0.3414
0.6111
0.2393
0.2189
0.5914
0.6631
4.2017
0.8844
1.1668
0.3699
0.7048
0.4782
0.2842
0.1022
0.0030
0.1367
0.7606
2.7684
0.2037
0.0059
2.2044
0.4576
0.5165
1.4053
0.7362
0.6839
0.6423
1.8215
0.0963
2.8608
0.0393
0.1353
0.4182
1.8202
0.6202
3.8563
0.2880
0.8471
0.1579
0.9458
0.5460
1.1690
2.0509
1.5700
0.0854
0.9937
0.4472
2.9237
0.0343
0.7004
0.3881
0.1769
3.6975
1.1861
2.4815
0.0428
1.4196
1.0575
0.5894
0.0167
2.0335
0.9618
1.4689
0.9760
0.6171
0.6602
1.1372
3.3226
0.9287
1.0219
0.3073
2.1893
3.1743
1.1899
1.9742
2.7656
0.1118
1.3715
0.6094
1.0678
1.7169
0.0750
0.9687
3.9182
0.6775
2.9459
0.0076
1.5988
7.8675
0.0730
0.3518
2.5901
5.6031
3.5018
0.5426
0.2920
1.2658
2.3819
0.9179
