1.2506
2.7708
11.9850
2.1781
1.9059
0.6262
2.7420
3.6860
0.2687
2.1020
3.4350
6.0764
4.1955
0.0022
5.5153
2.6278
0.8593
0.2333
5.2445
0.8908
2.0072
0.3579
3.6590
2.3129
1.7507
0.4223
1.3241
0.1031
0.1606
4.4500
0.5531
1.6904
0.2153
0.0924
0.4241
1.3120
0.3727
2.7706
0.2436
0.2053
0.0939
2.4288
0.7902
3.4548
1.2281
0.9375
1.0760
0.1254
3.0892
0.0619
0.5772
1.2768
0.3914
0.4844
0.7232
0.3897
2.3550
0.2221
0.9008
1.4136
0.9335
3.0172
0.9498
1.5861
0.0928
0.5945
0.3095
0.5949
1.6755
0.1434
0.5384
1.8768
0.1684
0.0049
0.0011
1.4104
0.7267
1.1672
0.4934
0.0286
1.8274
1.7155
0.4547
1.8840
0.3227
1.8407
0.4398
0.6717
0.1956
1.7271
0.6408
0.4740
1.0777
0.4084
2.1197
0.8780
2.3164
0.8560
2.1750
1.2550
0.2614
0.9467
0.5081
1.0223
0.3745
0.3240
1.2320
0.6596
0.4640
1.1194
1.1653
1.1370
1.5430
2.3492
4.2824
1.2992
0.7739
0.6771
0.1649
4.3508
0.1999
0.4142
0.0240
0.0160
2.0302
0.1017
0.3559
0.0195
1.3934
0.0162
0.3493
0.3524
0.7059
0.0188
1.5309
0.1109
0.1075
0.1027
0.0222
0.9906
1.1134
2.0582
0.0091
0.9700
0.6739
1.8987
0.4305
0.7335
1.8027
0.1210
3.8685
0.8822
2.6299
0.0255
0.5217
0.2929
0.2987
0.1462
0.0000
0.5762
1.4147
0.2606
0.7961
3.2407
0.4290
0.4771
0.5267
0.4201
0.9739
0.5556
2.6649
0.3527
0.0587
0.7363
0.5581
0.0010
1.7880
0.2281
0.7494
1.5634
3.3729
2.4389
1.1320
0.0479
0.6698
0.8312
0.3781
0.0438
1.4047
1.0413
0.6243
1.3829
1.2242
0.1963
1.4911
0.1459
0.5644
0.0582
0.0639
0.0259
1.3364
0.4067
1.6936
0.0201
0.7971
0.2604
0.1812
0.7098
0.1312
0.5954
2.0157
1.1018
0.4593
0.2035
0.5493
0.6399
1.0427
0.2332
0.2115
0.1268
1.7493
0.3651
0.2077
0.5298
0.3110
2.0072
0.7406
0.6849
0.1016
1.2537
0.6364
1.0800
0.7290
0.7714
0.3011
3.3951
1.8397
0.2116
0.4315
0.0189
1.0649
0.1481
0.4439
0.7757
0.8907
1.4824
2.4868
0.1802
3.2630
0.6282
1.5002
3.0866
1.0253
0.1784
0.9824
0.7769
0.9809
0.7465
7.2071
0.2131
1.0304
0.2572
0.6185
0.1439
0.7194
0.2906
1.2121
1.7380
2.3823
0.3897
0.3804
1.4064
0.7682
0.1417
4.4152
3.1149
0.9453
0.0000
1.5715
0.6240
0.8672
1.2412
1.5872
0.8327
2.0583
0.0676
0.2182
2.6496
1.3675
0.1029
0.2134
0.6901
0.0546
0.0582
2.6496
0.0199
0.5118
5.4297
0.4286
1.0697
0.7757
0.0258
0.7376
0.7332
1.3283
0.5749
0.1380
0.3930
0.5504
0.6231
1.1331
0.5604
0.4598
0.4407
0.0977
3.1042
0.5043
3.0362
0.5999
0.0560
1.1617
0.1324
0.6761
0.4710
1.0863
0.4090
1.6034
0.1207
5.3247
1.3702
0.2578
0.0314
0.1463
0.2673
0.1425
1.3001
0.3888
0.6420
1.0403
0.0790
4.1196
0.3243
0.2603
5.1719
0.4542
0.2244
1.3569
1.0786
0.3695
1.2693
0.0332
2.5843
0.9767
0.3140
0.4864
0.6668
0.4616
0.0626
0.6435
1.8928
0.4457
0.2406
0.0693
0.3931
0.1133
3.2575
1.6509
0.0742
3.2666
0.1260
3.8630
0.9184
0.8707
0.6606
0.1460
1.2956
1.1829
0.8007
0.0156
0.3920
0.3888
0.0797
0.4467
1.0151
0.1845
0.7959
0.3101
1.3907
2.0443
0.4894
1.2946
2.0924
0.4813
0.1865
0.2488
2.9368
1.0123
0.5150
0.9233
2.2723
0.0105
2.8650
2.9014
0.5053
0.3084
1.7223
1.4998
3.7740
0.2976
2.4398
1.2684
0.1823
3.9351
0.1054
1.9313
0.0113
0.2630
0.8795
0.9157
1.3311
1.0048
1.0507
1.1959
1.0173
3.3035
0.7487
1.8313
0.0411
0.6750
3.9448
1.7251
0.4083
0.8519
0.0995
1.5658
0.0087
0.4439
0.3776
0.6061
0.0756
1.8949
0.8223
0.0284
3.8757
1.7568
0.2720
2.5420
0.8626
0.8829
0.1073
0.1104
0.1263
0.1116
0.1249
1.2962
1.7672
0.6550
1.2591
3.9977
1.0223
3.6336
1.2693
0.0935
1.0231
0.2006
1.3267
0.0521
1.6820
0.0510
0.5897
3.6141
0.9786
0.1453
0.5266
0.3869
1.2329
0.0652
0.0045
1.3428
0.1427
0.0009
1.0690
0.1644
3.0705
0.0103
0.2421
0.0344
2.0747
0.3139
0.2374
1.0689
5.1367
0.1972
0.1661
0.2393
0.2338
0.1006
0.5024
2.6265
0.0000
2.1953
0.8894
0.3420
0.7857
1.3832
1.0075
3.0431
0.2092
1.4342
0.7330
0.6713
2.3529
1.7545
0.2051
0.2635
1.7337
1.1084
2.4458
1.0050
4.4517
0.1332
0.6892
0.3618
1.3550
1.3172
0.8765
0.7028
0.5031
0.0546
0.4662
1.1411
1.4530
0.5757
1.6316
1.7399
0.4435
0.0544
1.0300
1.3177
0.2950
0.5977
4.5494
1.0769
0.3309
1.3485
0.4016
0.8172
0.1826
0.8970
0.1304
0.1595
3.5475
1.5187
0.0689
1.4445
1.4843
0.6673
0.5249
3.2238
0.4021
0.1868
0.5098
0.0221
0.2397
1.3478
4.1950
2.3921
3.7690
0.5347
0.9476
0.4054
4.7287
0.2192
0.7001
0.3168
1.8917
1.4863
0.0654
2.5586
2.8212
0.2968
3.5502
0.0959
0.9171
0.0000
2.2466
1.7598
2.0977
0.2938
0.5647
0.9678
0.2191
0.1577
2.3880
1.1544
0.0006
0.1251
0.6161
0.2365
0.4838
0.2161
0.0000
1.2154
2.7644
3.3889
0.5992
0.7934
0.2035
0.0888
0.6286
0.6644
0.0000
0.0051
1.8764
2.4873
3.5639
3.3844
0.9614
1.0372
1.0968
0.8335
1.7080
1.3677
1.4695
0.9137
0.0874
0.9898
2.0418
0.8117
0.0003
1.2302
0.0043
0.2592
0.9375
1.6228
1.6977
0.6533
0.1863
1.0832
0.6703
0.8989
2.3736
0.7890
0.9824
3.2266
0.0110
0.2073
2.5096
0.2693
0.3224
0.0738
1.2868
0.2333
1.7498
0.3418
1.5853
0.5634
0.8276
0.1326
0.0171
1.1741
1.0834
6.6978
3.9388
0.2050
0.5555
0.1098
1.9635
0.4686
1.2432
1.9691
0.8189
0.7601
3.3184
0.7317
1.2875
1.4812
1.0119
1.7057
0.5789
2.4366
0.2662
0.7092
0.3219
0.0452
0.4725
0.1656
0.3361
0.2659
0.9271
2.9779
1.4540
1.3445
0.3325
2.3647
0.8111
1.4631
0.6564
1.7471
1.0876
0.7113
0.1234
0.4885
0.0187
1.0394
0.1595
0.0080
1.9367
0.0277
1.3970
0.1000
0.4677
0.2204
0.0805
0.0234
1.2680
0.6894
1.0709
0.1345
2.4751
0.5106
3.0702
0.0736
0.4109
0.0131
2.9089
2.1376
0.0024
0.0065
0.3728
0.2507
1.4468
0.9366
0.0000
0.3897
0.0411
0.0537
0.0866
0.8668
1.0855
3.3212
0.7270
0.0168
0.7587
1.3130
2.8302
0.0885
1.4538
0.4496
1.0925
0.6582
0.1935
0.2509
0.0040
0.1810
0.0111
1.3252
0.6120
1.3533
0.5601
0.3573
0.3411
0.0201
3.1946
1.7970
0.3186
0.7440
0.7100
0.7838
0.8903
0.9053
2.1596
0.5425
0.9698
0.0000
0.1216
0.4434
1.3338
0.1341
0.0134
0.0597
1.1210
1.7055
0.7706
1.0332
0.5304
1.0127
0.8037
0.4133
0.3745
0.3248
0.2448
0.5830
0.5644
0.0472
0.0131
0.0428
1.7367
0.1658
1.8870
0.7678
0.0843
0.7443
0.3506
1.5402
0.1614
1.6836
0.0812
1.4712
2.1294
1.6252
0.0990
0.2514
1.2200
8.3116
2.3797
1.1326
0.7489
0.3447
0.4378
1.5858
1.3835
1.7453
1.3703
0.0350
0.0635
0.4190
0.6458
0.0133
0.7608
1.4907
0.6587
0.5722
0.1670
1.1725
0.1224
0.9209
1.4408
0.1567
0.2697
0.0799
1.4795
1.2971
2.2366
0.1070
0.4409
0.5050
0.3493
0.5301
1.9510
0.5863
0.5592
0.5878
0.7808
0.9334
0.7212
0.5763
0.2527
1.3188
0.4443
0.3087
0.1867
6.9637
1.2061
1.3893
7.4026
0.6102
2.6683
0.2270
1.7570
3.3017
2.1926
0.6142
0.1067
0.5700
0.5258
0.5549
0.6691
0.7001
1.3691
2.8911
0.5666
0.1676
1.2269
0.0938
1.4389
0.5104
1.0849
2.4493
0.2289
0.4587
2.5981
1.9075
0.5324
0.1229
2.2418
0.0314
2.1539
0.1747
0.7606
0.0796
2.3347
1.0531
0.5547
0.8807
2.4005
0.3609
0.5570
1.7467
0.8235
0.5945
2.6279
2.2668
1.9276
0.0090
2.4401
0.4758
0.0755
0.6484
0.2313
1.2770
2.3411
2.2468
2.6179
1.6022
0.5614
1.1125
0.2974
0.1517
1.6382
0.1502
1.7976
0.4102
0.1504
1.2108
1.6109
0.1995
0.3857
0.1463
1.0105
0.4326
0.4803
1.6636
0.7826
0.0754
1.1438
1.7346
3.6613
0.1816
1.6030
0.0453
2.5224
1.1529
0.6530
1.1944
1.7260
1.8026
0.3667
1.1077
2.7554
0.1162
0.8048
0.1129
1.2712
1.8133
2.1212
4.2539
0.4368
0.6183
0.0017
0.9547
1.0363
0.3826
0.1180
0.4100
1.1195
0.0102
5.4564
0.6274
0.5547
0.5983
1.7297
0.1750
1.3990
0.2323
0.2334
1.9053
4.0544
0.7413
1.7067
1.4921
0.1042
1.3881
0.7261
0.7305
1.8787
2.5832
0.8331
0.0094
2.1992
