6.5788
4.8004
0.1370
0.6954
3.5790
0.4736
1.5965
0.4908
0.7882
1.7214
0.0576
5.4448
0.5150
0.4035
0.6341
0.1238
1.0826
1.7269
1.4060
0.0476
1.1202
0.1947
2.0871
4.3974
0.4644
0.1019
1.6129
1.1969
2.2024
2.6503
0.1361
0.3004
1.4175
0.8156
0.7824
1.0305
4.9957
0.0090
2.3550
1.9332
0.7952
0.0442
0.6147
0.2756
3.0795
0.1277
5.2515
3.0985
0.3359
1.0103
1.5190
4.1981
7.0441
3.5349
0.0076
4.0735
0.8067
0.8709
1.7441
0.0762
0.9011
1.4185
0.3657
0.0157
0.0805
0.4236
0.0177
0.4755
0.2868
1.0420
0.6074
3.4938
0.0044
2.6922
0.0570
3.3176
0.0042
0.5543
3.1547
0.0213
3.0497
1.9901
0.3185
0.6775
3.7505
4.0983
0.9737
0.2300
0.2305
2.4579
0.5501
0.7242
0.0002
4.3071
2.8653
0.5773
0.2482
1.3603
1.5375
1.7129
0.3418
1.0046
1.9071
0.0678
0.0000
0.2151
0.8233
1.5484
0.3687
0.8325
0.1696
0.1233
0.6529
0.9898
0.7953
1.7114
1.7536
0.7239
1.7584
1.4843
2.6377
3.3510
0.1893
2.1786
0.0645
1.1726
0.7788
0.8214
2.5142
0.0205
2.0329
1.1069
0.7036
3.0321
0.0727
0.4842
1.1393
0.5934
0.4930
2.0107
5.0073
0.0068
0.4325
0.3476
0.8616
2.0979
0.2457
2.2784
1.5068
0.1396
1.7076
2.3320
3.0997
7.1475
0.9110
0.2151
0.6428
0.2102
2.3542
1.4084
0.7540
0.4237
0.1424
0.3050
2.2785
2.1674
0.6331
0.4402
1.3848
2.0858
0.2067
0.0333
0.0001
1.7345
0.1892
0.4549
1.4345
3.3934
0.4800
1.3402
0.0987
1.1779
1.1352
1.2308
0.3527
0.0047
3.7285
2.3714
0.5299
0.1810
0.7821
0.0527
1.3015
3.0723
0.7960
3.2047
0.9970
1.9629
1.3798
1.0827
1.1594
0.0000
0.8863
0.3857
2.7699
0.0346
0.1247
1.5576
0.0036
0.1548
0.7046
2.4120
0.5792
3.6908
0.4261
1.6866
0.0247
2.3242
7.8322
0.2944
0.8410
0.9239
0.6059
0.6170
4.5763
1.0415
0.9334
0.3187
0.0685
2.3076
1.9468
2.8083
0.2278
0.7572
0.0882
2.1643
1.4892
1.1103
1.3422
2.3316
0.0000
2.6223
1.2534
1.7240
3.2244
4.5834
6.2682
2.9701
0.7916
1.3401
1.5034
5.4220
0.5614
1.1103
1.4784
1.2048
2.2978
4.1891
0.3458
0.6311
2.4279
0.4110
1.5446
1.0241
0.0657
0.5663
1.0707
1.0405
1.4499
0.8744
1.4278
1.0022
0.6044
0.2008
2.0835
0.9784
1.2054
0.3780
0.2052
0.2062
0.8690
0.4519
5.1801
0.4778
1.4260
0.6393
2.9890
0.0795
1.9787
0.1885
0.2412
1.0296
2.1070
0.8818
0.1938
0.4460
0.7823
1.0464
1.6014
1.7350
0.6065
0.9660
0.2345
0.6141
0.3753
0.2588
0.8957
1.9475
6.3363
0.6121
0.4072
1.6458
0.6836
1.1765
0.7748
1.7959
0.2056
4.4110
0.8490
0.4219
2.7475
0.5556
3.2516
0.0694
1.3570
0.3394
0.2958
1.8986
3.0317
2.3983
2.3608
0.3771
1.2619
0.4086
0.1471
4.6922
3.9067
0.0493
0.0450
0.5237
0.1854
0.5672
3.6274
0.4632
0.7970
0.0919
2.2258
3.3603
0.1023
5.3979
7.9912
0.6216
0.9034
0.9642
3.7628
0.5965
1.5308
4.0106
0.1319
0.3326
1.9397
4.5952
2.3682
2.3943
0.2452
1.6701
1.8215
2.5649
0.6253
0.5888
0.3708
0.8934
0.9966
0.1687
1.5025
1.1634
0.9881
0.8492
9.1917
0.3552
0.1050
0.0290
0.8747
0.9835
0.4242
5.3108
0.2021
1.4359
0.2000
1.2983
0.5177
0.6669
0.5116
1.1323
0.8936
2.7904
4.6829
0.5077
0.8484
0.6376
2.2390
0.0768
1.0268
3.9724
1.1871
1.3997
1.6917
0.3295
0.2504
0.3685
2.5373
0.0659
2.8643
5.9988
1.6429
1.3410
1.1788
1.0685
1.2939
1.3433
4.9928
0.7051
0.3271
0.2950
1.1805
2.1029
1.6167
0.4552
1.8674
0.9509
0.8753
3.1923
0.0846
3.2757
2.0922
0.5987
2.1792
0.7690
0.2907
1.3761
1.5456
1.8204
0.8856
0.2305
0.1233
1.8023
1.2667
1.8818
0.6190
0.1795
0.0999
0.7744
1.3591
0.7110
0.6568
0.5169
0.1370
3.3872
0.1018
1.0711
0.1468
1.1766
1.7693
1.0795
1.6235
5.7889
1.2621
0.6302
0.1888
1.2975
1.2518
0.3928
0.5564
1.3680
0.4848
1.9770
0.6503
0.4678
0.6034
2.3395
0.0754
1.3334
0.0929
1.5351
0.6791
0.6406
