2.0371
6.6510
6.3086
3.5734
1.8342
2.3149
0.0774
0.3481
0.9222
0.4295
0.1196
1.9329
4.1299
1.8122
2.9363
12.1215
5.1587
0.9940
2.7717
11.4279
5.1251
0.9219
10.0764
0.7158
0.0573
0.5113
5.2331
0.4489
1.6572
2.0653
2.7070
3.7982
3.3151
5.4384
0.0007
0.8300
0.8668
0.0066
2.5065
0.2482
0.1594
0.3097
6.9783
0.0000
5.9931
0.8590
0.5171
8.9151
3.7639
0.7928
1.7607
2.4111
2.0042
0.2691
0.6054
0.2822
0.1896
1.7005
0.8820
0.0529
2.8388
0.1089
2.6307
1.3991
1.4928
0.8967
1.2814
1.4077
3.6676
1.6846
0.0374
0.5733
0.0751
1.5195
2.3719
1.2998
1.0772
1.1973
0.3389
1.3050
2.2596
1.4140
3.5952
0.1161
1.8839
2.4651
2.4494
2.6944
0.2386
1.5087
0.4512
2.6027
0.8232
1.1227
1.4802
2.1267
0.0706
2.9342
0.6989
0.3415
1.7252
0.6371
0.6637
2.5418
0.8561
0.1214
1.2940
0.5266
1.2520
3.4086
1.4606
1.6503
3.2842
0.2016
0.2151
1.0053
2.5208
0.2221
0.6283
1.9612
0.0127
5.7981
0.0365
0.8896
3.6288
3.0079
0.0006
0.1601
0.3846
0.5073
0.8067
2.3418
0.8330
0.5337
1.0310
0.3479
3.5838
0.0419
1.7666
0.6918
0.0379
0.0885
0.0002
3.6499
2.3473
8.6756
1.8834
0.6750
1.7101
1.7702
2.0831
4.2278
1.6384
0.2438
4.9106
0.0035
1.4544
0.0000
3.0975
1.7288
1.2146
0.4187
0.7499
1.4924
2.2388
0.8223
1.4474
1.4733
0.2157
2.9985
0.3255
1.4633
3.5462
3.6341
1.5857
5.5427
0.7614
0.7342
0.5499
2.0223
0.1515
0.0014
2.6680
0.2787
0.9853
1.4979
1.1810
0.5439
2.8785
0.3103
0.3684
2.4134
1.0862
0.2397
2.3470
1.0075
2.0064
0.8945
1.7952
5.3926
1.5049
3.7180
0.7801
2.9653
1.3258
0.8601
0.3824
3.1762
0.1629
0.8524
0.3766
0.4517
0.0390
0.9919
5.0419
2.7944
1.3503
2.1035
2.0578
0.5003
6.0922
0.1231
0.4844
0.5991
2.0400
0.0228
0.2597
5.2419
1.0622
1.5009
0.6574
2.8491
0.7743
0.1163
2.3694
1.5412
2.5974
1.4673
2.6358
1.5577
5.9392
2.1009
5.6214
0.5184
0.2151
0.2096
2.5624
0.9429
2.8033
0.6938
0.8487
0.1792
0.2488
1.4579
0.5502
4.6340
1.6021
1.5596
0.3974
3.2475
1.1648
3.3182
2.0355
7.9538
2.2670
1.5735
0.5183
1.9551
3.4160
0.9740
1.2705
4.0033
1.4519
3.2360
3.4745
0.3524
0.2853
4.4020
1.9437
1.8586
0.5991
2.9853
0.4354
1.4909
0.3931
0.5342
1.7230
2.4861
0.0127
0.2632
2.5121
0.7385
0.5848
5.6156
0.4194
1.7441
5.9841
0.9501
1.7598
1.1288
1.6515
0.9153
0.2464
5.1431
0.2981
0.5635
3.2903
0.6260
0.3384
0.1856
0.9761
0.3643
0.5927
0.3574
2.2040
1.7051
2.6552
6.2495
2.7272
2.3155
1.4540
1.9264
5.8456
1.8092
0.7334
0.5566
1.6368
6.7830
3.4701
1.9347
0.7091
0.9366
4.8938
0.8561
2.2652
0.5890
2.5336
2.7658
2.0682
0.0678
0.4770
0.8226
1.7231
0.8351
0.4789
0.7826
0.9816
6.1774
8.1720
1.4625
0.9041
1.4803
0.8993
4.6856
1.0915
4.1482
0.6608
0.3521
0.2370
0.5946
1.3462
0.4379
1.2181
1.3911
0.5214
2.3103
0.2385
1.9326
0.2631
1.1140
0.4836
0.7549
1.0012
0.0007
0.2513
0.7487
1.9977
8.0605
0.6091
0.0805
2.8426
1.1090
2.0498
0.6613
0.1786
3.4007
0.3119
0.9500
4.8182
0.2743
0.0711
0.7450
2.4268
2.1321
1.0457
0.8235
0.8034
0.0070
0.2578
1.0116
0.1966
1.9066
0.7571
0.7284
0.0350
0.7314
1.2754
1.5488
0.2974
0.5105
1.9915
0.1223
0.0187
2.1944
0.0712
1.0965
0.3881
0.5394
0.1666
0.8195
0.8897
3.5438
1.2526
5.4180
1.4133
0.6746
1.7504
0.0512
1.5161
0.3104
1.2600
1.8821
0.0711
4.8465
2.6025
0.0752
4.5057
0.6239
3.7120
0.0112
1.2687
0.7881
0.7188
0.9435
2.1688
7.6157
0.0113
0.4833
0.0704
0.2889
0.0043
1.1796
2.6001
2.8750
1.8040
1.4677
3.0787
0.8685
0.2196
0.0442
0.2729
0.5417
2.2083
0.2619
2.6989
1.1672
3.1960
2.4639
1.3315
2.4241
0.9051
0.5038
0.5075
2.9403
0.1464
1.1941
0.6619
0.6015
0.9229
0.4653
0.1202
5.7823
0.1137
2.9021
3.5809
1.9558
2.2218
0.5560
0.8815
3.2524
1.0462
0.8170
2.6876
0.4874
0.6742
0.1873
0.1224
6.4754
0.5136
2.7198
0.6069
0.3550
2.7438
1.1199
2.3247
0.0374
0.6497
0.3538
0.5468
0.2109
1.1862
0.6071
0.6013
0.2865
2.2986
0.0252
0.6165
0.9835
1.0734
0.2938
4.2343
0.6535
0.7762
0.7115
0.4719
1.4839
3.5434
3.6335
2.7880
1.5390
0.7416
0.2635
0.5911
0.1366
1.5853
0.2167
1.4595
0.1400
0.7640
0.7061
3.0825
0.6705
0.6814
4.5287
0.3917
0.7537
0.2027
1.6896
0.4949
0.9227
0.5358
1.1531
0.4615
3.2880
0.3065
1.1682
0.5210
0.8367
1.4305
0.5451
1.5620
2.1946
4.6680
2.7728
2.2703
2.9192
8.3730
0.1410
0.0350
0.4166
4.6396
0.0988
0.9983
0.1287
0.7004
1.3890
4.5001
2.0636
1.4778
0.0009
1.1025
0.4034
0.2391
0.0574
0.3046
0.4678
0.3143
0.1675
2.1940
7.4383
1.2948
1.0593
0.1975
2.9973
1.0243
0.4917
1.2695
2.6095
0.2518
3.2257
2.0981
0.3240
0.0338
1.7230
0.2650
0.0000
0.3924
0.2347
0.2260
1.1563
2.1315
0.3471
1.6736
2.2764
0.0827
0.3271
0.1651
2.3953
0.0394
2.4702
1.6107
0.0819
0.9475
1.1835
0.6671
2.2882
0.0225
0.3184
0.1394
2.9683
0.5440
3.1091
1.4295
0.6975
0.9466
0.0814
0.9287
0.2771
0.4528
1.0954
3.1283
3.0191
3.6178
0.9521
0.3661
0.2483
1.2580
1.5264
0.5342
0.5711
1.1467
0.0006
1.1487
2.2593
2.0228
0.0500
1.7124
0.3839
0.6168
0.8687
0.5624
0.2235
1.0491
0.0690
1.5722
0.7884
4.7874
2.0496
1.1588
0.0614
0.2967
2.5099
2.9852
1.0272
0.0046
2.3682
0.7564
0.3434
1.4286
1.1857
2.3057
0.0258
1.3958
3.0932
1.4884
0.3856
1.3707
0.6776
2.6686
0.1066
1.1016
2.6426
2.0831
1.3658
2.1199
0.7746
2.1491
0.7949
1.6652
0.1330
1.8398
1.9393
0.8159
3.7911
0.9016
0.1042
1.2133
0.6786
0.5725
0.9598
2.2634
3.4961
1.2120
1.2370
1.5957
4.1399
0.1299
1.0652
0.7776
0.1222
2.2198
0.3419
2.3335
0.3191
0.8015
1.3452
1.3159
1.1171
0.5307
2.5070
6.2916
0.4639
0.0437
5.7074
0.1743
1.7916
3.6449
1.9149
0.0013
1.2222
2.2758
0.6600
0.9804
2.8535
2.0261
1.3260
1.3558
2.8961
1.8980
1.8117
0.7173
1.3552
1.5382
0.0989
0.7427
0.1085
2.3627
2.4393
1.6495
0.0827
4.6129
0.6123
1.9915
0.4885
0.0394
0.6390
0.1405
0.8933
0.5235
0.2601
1.2932
1.3188
3.2550
0.7886
0.4742
1.1598
0.0499
3.5781
0.7328
0.0078
1.9805
0.1818
0.8959
0.0814
1.1467
1.8338
2.3513
0.1528
0.8869
0.6254
0.0351
0.1997
0.2642
2.1632
0.8694
0.2039
1.4892
3.2573
1.7173
1.0377
3.0624
0.2500
1.8462
0.1327
0.3008
1.1507
2.2868
3.3193
2.4955
0.0626
1.2280
0.4853
1.9546
1.0358
3.9521
0.0606
0.4344
0.4909
0.1267
0.0719
0.2774
1.0179
0.0014
1.0951
2.9992
0.1518
0.3591
1.4927
0.0284
0.3669
0.2210
0.2452
3.1933
0.2493
0.9877
2.8513
2.1722
0.5546
2.5823
0.0705
0.8560
0.4211
1.6875
0.6491
0.4475
1.3593
3.6942
0.1400
0.7477
0.0586
0.7506
0.0335
1.5068
2.1288
0.3709
0.0005
0.3408
0.9185
1.8465
0.4655
0.4942
1.4267
1.4910
0.7330
0.0588
0.4428
0.5894
0.3424
1.2487
0.3833
0.5468
0.2153
0.9003
2.5714
0.6970
1.4946
1.5657
0.5999
0.9763
0.1917
2.5164
1.5703
1.6011
1.2344
1.6474
0.6712
0.1787
1.2553
0.0481
1.5727
1.4726
0.9195
1.0123
0.2860
0.3179
0.4941
0.5273
0.0411
0.1004
0.5479
0.6759
4.0271
2.9570
3.0391
2.0360
0.5364
1.0790
0.0130
1.6382
1.4087
0.1079
2.7752
0.4652
0.4970
1.0161
3.8326
1.1006
0.3361
1.9280
2.1579
1.6045
3.8745
0.2350
0.5874
5.3340
1.0249
2.7418
0.4460
0.3056
0.5546
0.4735
0.2114
1.2443
0.3750
1.3893
2.2714
1.1818
1.6598
0.3937
1.2295
1.5493
0.9975
1.6094
2.3140
2.6429
0.0000
1.3953
0.6288
0.8827
0.2806
0.8672
6.7207
0.5240
1.0273
1.7453
1.2514
1.2328
1.4043
0.4992
0.5097
1.8794
0.7321
0.2213
0.9457
1.6619
2.0575
0.6216
3.9937
1.5042
0.1639
1.0271
3.2954
1.2433
4.6865
0.3696
0.6558
0.8142
0.0186
4.4008
1.3330
0.4045
2.1189
0.7837
0.2815
0.0520
0.2697
2.4935
3.7074
0.8403
0.3027
0.0526
0.8089
5.0259
2.7738
1.1612
3.9108
0.7258
0.1073
0.2971
4.2377
