3.1270
0.9718
2.9533
5.0131
0.7007
1.9752
4.4106
1.4232
0.9535
0.0009
6.7728
6.3761
0.9987
1.8418
3.9386
1.0363
0.4405
1.7138
4.6886
1.0890
0.4854
1.5413
1.6527
0.2251
0.2569
0.4149
0.0986
2.7565
2.3863
1.0786
0.2147
0.9734
0.6467
1.0446
0.4500
3.0646
2.9922
0.6188
1.9655
0.2500
0.8129
2.1268
0.1757
0.4128
5.0676
0.5079
1.0630
1.0935
2.6216
1.3953
2.1411
0.0732
1.4108
3.4427
0.0312
0.0303
0.5131
2.4877
0.2764
1.3221
1.5285
0.0956
1.0219
0.8005
1.7980
0.1439
0.1286
0.0001
0.0608
1.3083
1.1042
1.8117
0.1509
0.1567
0.7163
4.9036
2.4078
1.0505
0.5678
1.5816
0.7872
0.0931
1.0535
0.0884
0.7673
0.1958
1.9466
1.0956
0.1754
0.8508
0.3292
1.2723
0.0492
0.1514
0.0018
1.1219
0.1590
0.9980
0.8316
0.4053
0.6460
0.1535
0.7631
0.5133
0.5906
0.0507
0.9143
1.2272
1.8530
1.2936
1.5302
0.1700
0.0000
0.2324
0.1063
0.0430
1.3223
1.1900
0.4978
0.7970
0.4156
1.4770
2.9571
0.3724
1.0611
0.7787
0.8761
2.1549
2.8192
1.3039
0.6842
3.4403
1.6329
0.3626
1.5467
0.8654
1.4309
0.4310
2.2148
2.2391
0.3926
0.5966
1.6097
1.3156
5.6661
0.4096
0.4376
0.1239
1.7767
1.0206
0.3758
5.1977
0.8054
0.2474
0.2440
0.9226
0.0678
1.2995
1.0312
2.5878
1.3359
0.2120
1.1232
1.6081
1.7390
0.0000
1.5607
1.1155
2.2320
0.7557
0.0168
0.0000
0.3506
0.3571
0.2092
0.1273
0.3214
0.6082
0.8550
0.1656
0.1216
0.3585
4.1454
0.3956
0.2383
2.1441
0.2220
2.2429
1.3500
1.0025
1.6938
0.8752
0.6824
1.3012
1.1502
0.4586
1.0627
3.3953
0.1046
0.7912
0.2340
1.2667
0.0639
4.2438
0.2868
0.6456
1.1817
1.4858
0.9907
1.0227
3.0289
1.1218
0.4106
0.3427
0.6781
0.2633
0.5059
0.4004
0.8958
0.3014
0.5530
0.5909
1.0049
0.3241
4.0299
3.1951
3.4907
0.5739
0.4850
0.5160
0.7356
1.0310
0.7885
0.4286
1.1173
0.2787
2.5443
1.6035
0.6905
0.0183
1.3859
3.1792
0.3772
0.3963
0.2034
0.0347
1.5221
0.1303
0.4141
0.4361
2.1781
0.1354
0.6712
0.3626
0.9587
4.5268
0.1563
1.4818
3.5124
3.5740
0.2215
0.1129
0.6638
0.1075
0.6379
0.3308
0.7662
0.9087
0.6799
1.2177
0.3046
1.2161
1.4632
0.1091
3.6528
0.2406
0.5440
1.9217
0.3374
0.7573
0.5145
1.0968
2.7968
2.4104
0.4782
1.2348
0.3653
0.2024
1.5314
0.4769
1.4502
0.7999
0.3058
1.3697
0.9288
0.4143
1.0903
1.9727
0.0461
0.9077
0.0201
0.4115
0.5458
1.0096
1.1227
1.1056
0.0833
2.9914
0.6962
1.1220
0.2592
0.5597
0.0819
2.0772
0.5743
1.4565
0.2104
1.0194
0.1018
0.7619
0.4569
0.1639
1.9200
0.7662
2.7009
1.3609
0.0534
0.0106
0.6228
0.5082
0.0067
1.3605
1.1085
1.0693
0.7391
1.1995
3.0008
1.0665
4.9618
0.4438
1.1085
0.9973
3.3321
0.6036
0.2162
1.1469
3.4519
0.3023
1.9315
1.1060
4.9936
0.1610
2.8075
0.5124
0.5280
0.6984
1.1518
1.1500
0.1426
1.4037
0.4485
0.5543
0.5298
0.0826
0.7168
2.4401
0.0628
1.1897
1.0926
1.8150
0.0000
0.4060
0.7728
0.4025
1.8898
0.8550
0.0014
0.6268
1.8516
0.1015
1.8279
1.3025
0.3076
1.7248
1.5954
3.2830
0.8522
0.1421
0.0112
2.6216
0.7480
1.9576
0.2336
1.0978
1.4066
0.2693
3.2121
2.0126
0.0371
3.4247
1.6151
0.5130
0.1658
0.3740
0.6085
0.1621
0.5691
0.7900
1.8912
0.4051
0.0634
0.4540
0.5753
0.2650
0.3646
2.0634
2.3616
0.3373
0.5196
0.1737
1.4202
0.0663
0.4333
0.0012
0.4575
4.8836
1.2228
0.4641
0.0538
0.7029
2.0712
1.2222
0.4028
1.0720
0.0565
0.0790
0.8784
2.0467
0.5326
0.4118
0.1263
0.0192
0.0000
0.1917
1.3416
1.0366
0.6677
0.8152
0.1716
0.0000
0.2395
2.4481
1.3126
1.1048
0.8547
0.0273
2.2509
0.4145
2.8131
0.3555
0.2350
0.7170
0.0919
0.6911
0.8476
0.5415
0.0519
2.0608
3.9709
1.3010
0.1738
0.3508
0.1670
0.5879
0.0010
1.3778
0.1396
1.1552
2.3055
1.3109
0.3253
5.7065
0.8062
0.7950
0.2758
4.9941
0.6117
0.9755
1.5598
1.5685
1.3585
0.9597
1.8708
0.1765
0.9022
0.4346
0.2476
0.6122
0.0389
0.1883
2.0261
0.5182
0.9905
0.3502
1.7961
1.1352
0.6988
0.1496
1.5210
0.7331
3.2362
0.9056
1.1037
0.3296
0.2860
0.4869
1.0024
0.2227
0.6780
0.1763
0.6098
0.2788
0.3377
2.5045
0.6380
0.6501
0.6295
0.0023
1.2810
1.1638
0.1697
2.7226
0.2173
0.2265
0.5215
2.0509
1.0079
0.0660
0.2895
2.6949
4.2642
0.5841
0.4633
0.4539
0.4865
0.8112
0.4986
2.0743
1.5317
0.6455
0.2291
0.2807
0.9254
1.8981
1.5560
0.2712
0.2549
1.1129
0.4915
0.0143
0.6016
1.3116
0.7359
0.9572
0.7203
0.0660
0.4113
0.3796
0.2158
0.5036
1.4023
1.9459
0.3781
0.6673
0.8969
0.1696
0.9436
0.5452
0.6166
0.9670
2.6394
0.0396
0.5004
0.2044
2.1399
0.1305
0.7153
2.1073
0.0857
0.1740
2.2555
1.6861
1.7125
0.0310
0.4482
0.1718
0.8441
0.4191
0.5629
0.3114
0.2828
1.3608
0.4342
0.0037
0.3964
0.1734
0.2201
2.6207
0.0332
0.5066
0.7726
1.2120
0.0013
0.4314
0.2139
0.7444
0.0205
0.5104
0.0341
0.2307
0.6390
1.3320
1.1226
1.4340
2.4792
0.2601
2.1878
3.0257
0.0822
0.4012
0.2212
3.5540
1.2292
0.2692
0.4481
0.0720
0.3856
1.2326
0.1254
7.3782
1.5246
0.6426
0.7209
2.0923
0.2027
1.3106
0.6513
0.6477
1.1000
1.0346
1.0284
1.0821
1.0938
0.8593
1.5852
0.1299
0.1204
1.6335
2.3958
2.4622
1.0939
0.0984
1.6621
0.4137
4.7673
0.2355
0.1395
0.5074
1.7641
0.3873
1.3853
3.5423
0.1000
0.5448
0.6424
0.6077
0.9869
4.4975
1.3504
2.2534
0.0010
0.8482
2.6200
1.8917
2.2980
3.8632
1.8852
0.9306
1.1430
0.7026
0.4027
0.3482
0.5115
1.0990
4.0812
1.0784
0.6244
0.1999
0.5370
0.2088
0.2226
3.9148
0.4572
2.7092
0.2494
2.2924
1.9109
0.8879
2.1811
1.6547
1.4019
1.8190
7.8779
1.0720
2.2743
1.0643
1.5585
0.0700
0.3554
3.1341
0.5413
0.6693
3.8511
1.1634
0.2571
0.3931
0.5050
1.7739
0.3750
1.0125
1.5437
0.3287
0.4041
0.2655
0.7178
0.0204
1.3054
2.3497
1.2423
1.2801
0.4341
0.0951
0.1766
1.5848
0.0876
2.0730
0.7506
1.7284
0.7422
0.9599
0.6112
0.0251
3.0178
1.2972
1.6483
0.6037
0.1529
0.0367
0.1914
0.0885
1.2990
1.1704
0.6639
0.4219
0.9547
0.5274
0.3729
0.0853
2.4828
1.0559
2.2210
0.7383
0.1760
1.4847
0.4514
0.1787
0.5707
1.0545
0.7194
0.0757
0.8429
0.1538
1.0145
0.0685
0.4374
0.8039
0.6759
0.3664
1.1638
2.1119
0.1602
0.8160
0.8771
1.7658
0.1768
0.7260
0.2669
0.4171
0.4416
1.8371
0.0033
0.6875
0.3036
0.2622
0.8811
0.1348
1.3603
0.5922
0.0053
0.1660
4.5078
0.2529
1.2487
0.9562
0.6325
0.3490
0.4924
0.0000
1.0137
1.8908
0.7286
1.2495
0.5022
1.6672
1.7573
2.3037
0.0573
0.5782
0.0794
2.0393
0.1321
0.3433
5.5457
0.9108
0.9473
0.0054
1.2212
3.9524
0.6924
1.1523
0.6312
1.3195
0.0710
0.3968
0.4515
0.9818
1.9386
0.0505
1.3302
2.3546
1.8053
0.1721
1.4468
0.1135
0.2015
0.0115
0.6205
0.0098
0.5414
0.3090
0.1873
2.6376
0.0915
0.9926
0.3759
0.5135
0.8663
0.9854
1.9726
0.1254
2.0124
0.4222
0.1654
0.3617
1.1889
1.7148
1.6672
0.7645
2.0530
0.6275
0.4679
0.1134
1.0683
0.9031
0.1933
0.2792
0.1041
0.4347
0.3683
3.6774
0.5989
0.7102
0.0394
1.9863
0.1223
0.5858
0.0204
3.5022
0.2926
0.8310
0.5191
0.8010
0.2557
0.4722
1.6016
0.2675
1.8310
0.4758
0.3899
2.8687
0.0002
1.2454
0.6240
1.5498
1.8417
0.7197
0.9061
1.1408
1.5861
0.0361
1.0068
1.2365
0.3377
2.5019
1.2892
2.6383
0.1168
1.8535
0.0737
1.4689
0.3144
0.8104
0.8033
0.5372
0.3661
0.5712
0.0986
0.6289
0.2783
2.7510
0.1558
1.2182
0.6203
1.9539
0.6091
0.1459
2.6785
0.5946
0.1256
0.4852
0.6552
0.1201
0.8773
0.2147
0.7734
1.2940
2.2430
0.0474
0.2388
0.6248
1.1630
0.2639
0.4873
5.2974
2.0224
0.0358
1.7904
0.1332
0.0371
0.6073
0.0357
0.6991
1.4697
0.6562
0.3035
0.1025
1.6457
0.3415
0.1732
2.6422
0.4215
0.0142
0.0216
0.3768
0.2525
0.1729
2.1758
0.0968
0.5179
1.0372
0.7385
0.6064
2.2442
0.2754
2.7707
1.6531
0.2640
1.4655
0.1833
0.1626
