8.3701
1.6961
1.0472
4.0149
0.2337
0.7370
1.4136
0.2106
0.1976
0.4790
1.7837
2.7019
0.0846
1.9664
1.3058
0.7316
4.7525
0.5647
0.7158
1.2862
1.3223
4.1947
0.7755
0.5071
0.7761
0.6478
3.1209
1.6454
1.1289
0.0305
0.7215
2.2355
1.6498
1.0438
0.7758
0.6905
0.6524
2.1939
2.7968
3.2821
0.3737
2.7709
3.3600
1.7864
4.0626
1.9332
1.4334
4.0192
1.0398
1.9321
5.7992
0.3600
0.9957
0.7132
0.7604
2.3545
1.3236
1.0795
3.5307
0.2320
0.0016
2.2979
0.0798
4.4003
2.6332
0.5948
0.7172
0.0902
0.3581
2.3738
2.1884
0.4415
0.2467
1.0230
0.1504
4.5193
2.4647
0.9050
1.4367
0.3178
0.4695
1.9085
0.0109
0.3333
0.3876
1.2569
1.2091
0.0218
0.4801
0.7487
1.0931
3.0841
2.0475
0.1604
0.8942
0.1024
0.5076
2.5542
1.7746
1.1503
0.4419
0.8737
0.2458
0.0361
0.0273
0.1257
0.1327
1.2644
0.0006
2.7535
1.4702
0.5329
0.7594
1.9919
2.5549
0.3826
1.1413
0.8762
0.4367
0.6022
0.1298
0.4511
0.1367
0.0675
2.0949
1.7072
1.9946
0.9383
0.6435
4.0090
1.1446
1.8476
2.5869
1.8811
2.5980
0.3588
0.1239
0.4722
0.8473
0.7490
2.4436
1.8528
0.9213
0.2626
1.1882
1.2741
0.7086
1.1759
0.2001
1.7372
0.5504
1.0421
0.9476
1.7508
2.8107
0.5695
0.3918
2.3080
2.1328
0.1047
0.0193
0.3055
1.2520
0.9049
1.8587
1.0257
0.0016
2.3056
1.0128
3.4555
0.7201
1.1830
0.3128
0.4990
0.1185
1.1909
2.4983
1.5417
2.6011
0.4679
2.5059
0.8316
6.2414
0.1838
0.3182
0.7314
0.9443
0.4106
4.9186
0.0098
0.3683
2.8778
0.6539
0.0848
0.0019
0.1167
0.1139
1.0345
2.0225
1.3748
0.1313
1.2614
1.3222
0.6920
1.5536
1.2630
0.3362
1.8580
0.4633
1.9009
0.1347
2.4292
1.0539
0.1972
0.8852
2.0987
2.1401
0.1196
1.8145
1.1295
1.5143
3.9137
1.3927
0.5529
0.2077
0.7081
0.5851
0.4866
0.9891
2.0348
2.1485
0.4829
1.4367
1.4831
0.7845
0.7260
0.8708
0.5616
0.1494
0.3677
0.4535
0.0154
2.6855
2.4902
1.8162
1.1276
1.5587
0.5312
0.4639
0.4685
0.2659
0.3469
3.7327
0.0231
1.7166
1.5629
1.9218
0.3355
1.9085
0.4376
1.3725
1.1684
2.1418
1.0314
0.0008
3.1249
0.2183
0.2403
0.0078
0.2081
4.3205
1.8503
1.0455
1.0893
0.7671
2.4685
0.1577
1.9353
1.5776
0.4710
0.4390
1.1298
0.3771
0.7400
2.9422
1.1986
0.1525
1.3426
0.5155
1.6183
0.0898
2.3860
0.0436
0.3875
0.2162
1.6094
2.4652
1.9533
3.7627
0.1328
0.1059
0.2517
2.9740
0.3779
0.2371
4.1432
4.7336
3.0116
1.8614
0.0162
0.6492
2.3265
3.5762
0.0006
0.1091
0.6795
3.1204
1.2758
4.0898
1.4118
0.2721
1.6136
0.6201
1.4660
0.2442
1.2366
0.1998
2.0634
0.6198
1.7292
4.7570
2.9692
0.0055
0.0815
2.7681
1.8824
2.8816
0.0574
2.6535
3.7319
1.6647
0.1192
1.0187
1.3555
5.7296
0.9428
0.7903
1.2744
1.3254
0.0727
2.1027
0.1326
0.8404
0.8380
1.3806
0.6847
0.3403
0.2007
0.9617
2.5406
0.5293
0.4405
0.8323
0.0000
1.7514
0.6097
2.1635
0.5588
0.0611
0.7554
0.3307
2.0563
0.2376
1.3129
0.8015
1.9616
2.4550
2.8879
0.0257
1.8602
0.4920
1.6980
2.3154
0.5668
0.9624
0.7369
1.1250
0.2443
0.3997
2.6647
1.4805
1.6983
1.8116
0.0026
6.7062
1.1825
0.0458
0.6394
0.9642
0.5676
4.4165
2.4740
3.0751
3.8908
2.4527
0.0690
0.7063
2.7818
0.6886
1.8194
0.4201
0.3525
0.3246
0.0000
2.8072
0.8031
0.8611
0.6475
0.4657
0.6321
2.1906
1.4996
5.5790
1.7814
4.7832
0.5142
1.0437
0.2135
4.4652
0.5467
0.7250
2.4676
3.2339
4.4045
0.8875
0.2624
1.9860
1.0715
2.5035
2.8359
2.1697
0.6736
0.2576
0.6008
0.0281
0.4413
0.5857
0.4107
1.4194
0.4475
2.4589
0.4162
0.1493
4.4323
2.2345
5.6511
1.1134
1.6988
3.1678
1.7740
3.0189
0.0856
1.3190
1.7421
0.2432
0.3956
0.5582
1.3769
1.4616
0.1180
2.7658
2.6516
0.4712
0.1144
0.0640
0.1775
0.4723
0.4428
0.2051
0.5087
5.2314
0.5972
0.5676
0.5538
3.1927
0.2235
0.3979
9.0569
0.6062
0.8240
0.6714
0.4771
0.0355
0.0461
0.0289
3.4033
0.7503
0.0162
0.0062
1.9306
1.6951
1.4021
0.0002
0.1753
0.4626
2.4996
1.6238
0.9603
4.0043
0.2452
1.6153
0.4050
0.8473
1.0180
2.3295
0.0801
0.0000
0.1136
2.0496
0.2208
0.6388
1.3202
0.2942
1.1149
5.0264
3.4866
1.4111
1.6544
0.6395
0.3014
1.2522
1.6488
0.6064
4.5312
0.8394
1.4823
3.7342
0.0726
1.7784
2.0111
0.4639
0.1437
0.4144
2.3741
0.3281
0.0000
0.5637
0.0831
1.2972
5.7438
1.3036
0.3586
2.6953
0.9848
1.0002
0.7869
0.2095
0.6710
0.4051
0.6696
0.4289
0.9760
0.3206
2.7406
1.6779
0.0686
0.2627
1.4344
0.2230
0.5038
0.8711
1.6534
3.8721
0.2872
0.4456
0.7657
0.0758
0.4913
0.0403
1.8022
0.8274
0.7830
1.3002
2.7432
0.2207
0.5727
2.0342
0.2388
0.4487
1.8753
0.1117
0.3284
0.1154
1.1691
0.5086
0.0499
0.3045
0.0535
1.9031
0.0027
0.1940
1.8794
4.0810
1.2970
0.6657
0.0292
0.0157
2.2168
0.0355
0.4127
0.4550
0.7987
2.8128
0.6400
0.1706
0.1924
1.0684
0.2627
0.6050
0.9358
0.4642
2.6589
0.9139
0.3889
0.8045
1.0375
4.2765
2.7856
1.3405
0.5946
2.4468
1.2064
1.2593
0.5754
1.8313
1.8443
0.2141
2.8697
1.7475
1.9553
0.1120
4.0285
3.3302
0.0727
1.8601
1.0239
1.1753
1.4499
3.0452
1.2730
2.6522
5.3930
0.9008
0.1370
1.4456
1.8305
0.7302
0.2600
0.1927
0.3258
0.8533
0.8509
0.9504
1.6489
0.1496
0.2152
1.2849
1.7398
1.3915
0.0156
0.7959
2.7794
2.1609
1.3112
0.4380
0.0418
0.6198
0.4702
0.3887
0.5630
0.0993
2.0527
0.3912
1.6987
2.8868
0.3798
1.9801
0.1588
0.3287
1.0324
0.1189
0.6986
1.9556
1.3134
0.5980
3.7208
4.5280
0.9638
0.7161
0.5503
3.0836
0.6424
1.6031
2.1204
0.7525
1.2292
1.4377
0.6469
1.8112
0.1254
0.7458
0.0843
1.7479
1.8376
0.3098
2.7320
0.3064
0.3609
0.8874
1.7280
0.1925
0.0850
0.4391
1.7436
4.0606
0.5794
0.0794
0.5972
1.1371
0.8203
1.1745
0.2473
0.1905
2.3755
0.4178
2.2043
2.9335
1.9790
0.2985
0.6859
3.7619
4.6126
0.8338
0.1357
0.4256
0.7046
0.5780
0.5332
0.1861
1.5331
0.3543
1.2663
1.9175
0.0263
1.2627
0.4906
1.1664
0.2493
1.9945
2.1707
0.0471
0.4126
0.9580
0.1168
2.1486
3.1139
0.6089
0.0211
0.4111
0.4586
0.8392
0.4230
0.3650
0.1854
0.5489
0.6958
0.2086
0.0010
3.0496
2.1352
0.1918
4.0463
1.6726
1.2271
0.5762
1.3016
4.0236
0.0000
0.2811
0.3212
1.5028
1.0070
0.7309
2.4280
0.6749
0.7094
1.5753
2.2568
0.3522
4.6504
1.7580
0.8351
0.5639
0.1187
1.0497
0.0010
0.0747
0.1842
1.3490
0.2167
0.6474
0.6060
0.2439
0.2329
1.2235
0.1291
0.1696
0.5262
4.5397
2.7819
0.5082
1.0326
0.0639
2.1085
2.1208
0.0072
0.7965
0.4009
0.4154
0.3726
1.1061
0.4254
0.2028
0.6034
0.7106
0.7511
0.4947
0.8803
1.1423
0.2943
2.4980
0.0052
0.0944
2.5030
0.4844
1.0177
1.4144
2.3358
2.1732
0.7503
1.1515
0.9168
0.0349
0.6689
0.2298
1.9492
0.2373
0.1299
0.6386
0.6046
1.1563
0.4708
0.0958
3.6138
0.0943
1.7474
0.0838
2.7440
0.4813
0.1554
0.0682
0.0167
0.0868
0.1574
0.5579
0.9276
2.0367
2.8920
0.2269
0.4691
1.0742
1.2235
1.1346
0.1756
5.9309
0.0483
0.0210
1.4927
0.0070
0.8379
1.0117
0.0960
2.0795
1.7377
0.5605
0.2720
4.2352
1.8037
1.7185
0.8331
0.8916
0.3346
0.2589
0.0006
3.7199
1.0155
0.9181
2.2558
1.4224
3.4575
0.1320
1.0204
0.6785
0.7902
0.3560
2.2619
0.9251
0.2510
0.0171
0.2233
0.5147
1.5762
2.6555
1.3148
1.2131
1.4291
1.1872
4.7369
0.9061
2.2773
3.0763
0.0697
0.5522
1.7386
3.7644
0.0842
1.3661
2.5257
0.7469
0.8190
1.6269
0.0642
1.0105
0.3405
0.0268
0.7425
0.1853
1.3605
2.8811
0.5242
0.2918
0.0533
0.9046
0.1536
0.0000
1.6146
0.3613
1.9364
0.6392
0.6039
3.5701
0.9919
2.8892
0.0675
0.2603
1.0663
0.1154
0.4351
1.6588
0.9819
1.3447
0.4462
1.4940
1.9043
4.1670
1.2630
2.2778
1.5668
0.0026
4.3924
1.7017
1.5868
0.2976
1.0587
1.2150
0.4171
0.7753
0.0160
2.7769
0.0205
0.0749
0.2952
0.1226
0.2216
0.9889
0.1527
0.1363
5.0880
0.7188
1.6399
