7.5265
3.1581
0.1456
4.3053
3.2880
0.1258
0.8152
1.0598
0.1798
0.3194
1.1473
0.7999
1.2006
1.4225
0.1646
2.9721
0.3783
0.8835
1.4189
0.7824
2.0601
1.8691
0.8578
0.2884
0.0411
0.1626
0.0929
1.2178
0.8803
0.3010
0.5119
0.9440
0.9606
0.6394
0.0901
0.2073
0.6653
0.1136
0.2639
1.0043
0.4446
1.0413
3.7530
1.0565
2.3761
0.7777
1.4264
1.8729
1.7958
0.6558
0.7832
0.1067
0.8903
0.0082
0.0270
0.0925
0.1332
1.3554
0.1116
0.4719
0.3191
0.0396
0.5521
1.0683
0.0000
2.5326
1.2840
0.5677
1.0943
0.8110
0.0545
0.3183
0.1513
0.0258
1.4139
0.0758
0.3686
0.3499
0.3860
0.6753
0.3893
0.4296
0.1737
0.9890
0.2826
0.7217
0.4787
0.7790
0.5373
1.9954
0.2340
0.1067
0.0429
1.0394
0.4092
0.0402
0.4037
0.3622
1.7522
0.0810
0.0005
1.7709
0.1564
0.0440
0.5464
1.2729
1.6231
1.3963
0.6365
0.4697
1.0062
1.7720
0.5353
0.3753
0.8511
0.4105
0.8051
0.4405
0.0248
0.4441
0.3632
0.0424
0.6843
1.4935
0.5090
0.1972
0.6146
0.0000
0.4108
2.2941
0.8284
0.2146
0.0626
0.2168
0.9446
0.0038
2.9840
1.1561
0.0436
0.5633
1.8988
0.6110
0.3887
0.5048
0.0000
0.3717
0.6158
0.2636
0.8817
0.2550
0.6642
0.7684
1.3063
0.0697
0.6962
0.5542
3.9773
0.5351
0.5940
0.8951
0.2537
0.5115
0.2279
1.0631
0.5484
0.2015
0.1766
0.3665
0.2050
0.2554
0.9730
0.4468
0.5739
0.6646
0.0959
0.3798
0.2659
0.2271
0.7829
0.0819
1.1640
0.6372
0.0171
0.4557
0.1787
0.6025
0.0657
1.1797
0.6377
1.2311
2.7257
0.4798
0.4384
0.0678
1.2405
1.5053
0.3517
1.6145
0.4883
0.7032
0.0223
0.1192
0.6789
2.0085
0.7891
2.5937
0.9383
3.6779
1.9192
0.5596
1.0118
0.7590
1.1209
1.5834
0.6299
1.0049
1.2175
1.3103
0.0182
1.5719
1.6153
0.0683
0.0800
0.8613
0.7345
1.3988
0.5845
0.0584
0.4321
1.0325
0.4337
0.1034
0.3389
0.4234
0.1322
1.6356
0.3300
0.4874
0.6241
0.0990
1.6174
1.7003
3.7193
0.2749
0.5641
0.0322
0.4211
0.2642
0.5351
0.2077
0.4136
0.4263
0.2052
1.3080
2.1082
0.7559
0.2371
0.6239
1.5021
0.3998
1.6814
0.0030
0.0560
0.6606
0.0087
0.0450
0.3847
2.9462
0.0342
0.0960
0.3474
0.0000
0.6799
0.8450
0.4958
0.4007
0.4348
0.8866
1.5330
0.7127
0.2413
0.4722
0.9671
0.6249
0.9172
0.8633
0.0000
0.6997
0.0378
1.3201
0.2959
1.0492
0.3731
0.6314
0.3133
0.0808
3.3337
0.8354
0.0004
2.6623
0.0072
0.5224
0.1370
0.6438
2.1823
0.1655
0.6817
0.4873
0.3654
0.1572
0.4631
0.1859
2.6612
1.2161
2.1835
0.8538
0.2015
0.8783
1.8625
0.8003
0.0676
0.2840
0.1024
1.2578
0.2224
3.0579
0.8748
2.9954
0.9081
0.8069
0.1261
0.0814
0.6787
1.9351
1.2700
0.8247
1.9850
0.5050
0.2567
0.5843
0.0028
1.3046
0.3499
0.4701
0.2024
0.8900
0.4174
0.3199
3.2298
0.0725
0.5665
0.4182
0.1206
0.5887
0.8383
0.3621
0.9635
0.3350
0.5108
1.3204
0.0924
0.4933
0.8709
0.1198
0.1537
0.5246
0.3505
1.4939
1.0568
2.7567
0.1270
1.6233
0.4902
0.1336
0.7738
0.0787
1.8572
0.4096
0.0321
0.4099
0.5321
0.5169
0.1584
0.8638
0.2309
1.0628
0.2898
0.5447
0.4385
0.2706
0.6683
0.4938
0.1716
0.5841
2.2345
1.8416
0.1909
0.5175
0.2367
0.1122
0.0182
2.1585
0.9355
0.1598
2.8302
0.1084
0.5742
0.5044
1.5910
0.6663
1.6016
0.0686
2.8697
0.8819
0.1031
0.5484
0.8684
1.1483
0.8223
0.3847
0.2041
0.0161
0.9182
0.0871
0.3156
0.1229
0.3569
1.5848
3.7444
0.1839
0.5838
0.7513
0.3116
0.0785
0.4024
0.2086
0.1860
1.1390
0.2685
0.0000
0.2017
0.2352
0.0506
0.6067
0.0724
0.9874
0.2026
0.0689
0.8517
0.2681
0.2230
0.3578
0.2536
1.0030
0.3997
1.2397
1.6011
0.3119
0.1075
0.0267
0.6193
0.0541
1.5690
0.8326
0.7062
0.4219
3.0148
0.0698
0.0340
0.1632
0.2656
0.5156
1.1990
0.4169
0.0700
0.5387
0.3703
0.0336
1.1345
0.5114
0.0000
0.9512
1.6700
0.8276
0.6925
0.5602
0.1108
0.6985
0.5652
0.5196
2.6263
0.2481
0.2303
0.3063
0.3372
0.5516
3.3664
1.5408
0.4737
0.7952
0.2207
0.1165
0.4144
0.2435
0.3546
0.2757
0.6806
0.4559
0.8131
0.1642
3.4673
0.1918
0.3250
0.0888
0.2549
0.6713
0.6015
0.0685
0.5638
0.0664
1.0963
0.0000
1.2159
0.0801
0.7667
0.7021
0.2541
0.2100
0.1407
0.2520
0.0627
0.1172
0.1067
0.4700
0.2983
0.2340
0.0207
0.2338
1.0232
0.2547
1.0542
0.1306
0.8583
0.2335
0.2769
0.6361
0.0238
0.1177
0.3603
0.3668
0.7074
0.7889
0.2330
0.4435
0.3352
0.8731
0.2099
0.8634
1.1034
0.0000
0.1139
0.5840
0.3013
1.3921
0.0802
0.6819
0.0395
0.6016
0.4288
0.9089
0.6633
1.1444
0.5927
2.4092
0.0798
1.0041
0.7245
0.3250
0.1756
0.0578
0.0212
1.3359
0.8653
0.0000
0.0998
0.1890
0.1130
0.7305
2.2058
0.3679
0.2836
0.0115
0.0434
0.5405
0.0767
0.0550
1.5559
0.8608
2.7049
0.9631
0.4145
0.0228
1.7659
0.3076
0.3514
0.4424
1.0108
0.5064
0.5839
0.0398
0.3053
0.5945
1.7026
0.9643
0.8345
0.0505
0.2507
0.4764
0.2987
0.9855
0.5354
0.0395
2.1925
1.7624
0.3154
0.4447
0.5215
0.1327
0.5901
0.5187
1.0808
0.1975
0.0052
0.3986
0.5162
1.1970
1.0740
0.2848
0.3024
0.8738
0.9665
0.1008
0.7094
0.6125
0.6882
1.6659
1.2869
0.3498
0.3182
0.1798
1.3710
1.6324
0.0893
1.4133
2.2467
0.1660
0.1164
1.5302
0.0282
0.2839
0.7084
0.0661
0.0194
0.0557
1.2545
0.0098
0.5174
0.0503
0.0041
0.2869
1.8441
0.7600
0.0211
0.1959
0.1554
0.5932
0.0228
0.2231
0.7930
0.1074
0.5751
0.5208
0.1212
0.4910
1.0676
0.3099
0.7188
0.7014
0.1428
0.1622
0.0767
0.0015
0.0209
0.6924
0.1224
0.1275
0.1273
0.3669
0.2665
1.7923
1.1581
0.5985
0.1064
1.1136
1.3970
1.0307
0.4396
0.1317
0.3785
1.0276
1.6698
0.2891
0.8832
0.3419
0.7134
0.1710
1.8911
0.2422
0.8861
0.8004
0.8098
0.1455
0.7801
0.5153
0.0727
0.2218
1.9548
0.1234
0.2999
0.9073
0.2201
0.5777
0.1390
0.0660
0.6293
0.1377
0.5856
0.9008
0.7378
1.3744
1.0158
0.1564
0.1195
0.1956
2.6647
0.0415
0.7082
0.2521
1.3331
2.1621
0.0807
0.1204
0.6849
0.8288
0.3110
0.1323
0.2345
0.0005
0.2040
0.4408
0.7599
0.0000
0.4207
0.1327
0.0987
1.4603
0.6083
0.0214
0.3209
0.1860
0.7738
0.8461
0.3550
0.4075
0.4410
1.7803
0.7898
0.0084
0.6806
0.2431
0.2554
1.4376
0.2637
0.0330
0.2245
1.3146
1.0883
0.0000
0.2880
0.4004
0.2927
2.0489
0.2625
0.8244
0.3640
0.3821
0.4493
0.4311
0.6038
0.0172
0.3031
0.4717
0.2783
0.3022
1.3699
0.2313
0.2808
0.2091
0.2465
0.8560
0.1268
1.1329
0.3563
0.4027
1.3394
1.1721
0.8226
0.9627
0.1377
0.7822
0.2576
0.5890
0.0595
0.0330
0.1006
1.3635
2.0593
0.5959
0.1057
0.5956
0.5488
0.8398
0.7277
1.4497
0.1019
0.9963
2.9787
1.2468
0.1603
1.3872
0.5232
0.3494
0.6190
1.0629
0.1055
1.2463
0.9095
0.4445
0.1789
1.2709
0.1680
0.6727
0.2060
1.5986
0.1488
0.6143
0.0153
4.7702
0.2363
0.4404
0.0347
1.2657
0.6016
0.2588
0.4154
0.2904
0.1352
0.3833
0.4454
0.7752
0.6552
0.3037
0.6866
0.0390
0.4521
0.9266
1.8382
1.1865
0.9945
0.1526
0.0418
0.0207
0.1679
4.5964
0.0003
0.4731
0.3539
0.4543
0.2758
0.4455
1.0473
0.8983
1.6781
2.1431
0.8943
2.5511
0.1623
0.8802
0.8800
0.0243
0.4040
0.1016
0.8670
0.0420
0.6369
0.2032
0.5783
0.1279
0.0251
0.7168
0.0062
0.7286
0.6314
0.0540
0.0698
0.0012
0.5827
0.3246
0.6681
0.8968
0.3252
0.7331
0.2234
0.1907
1.1273
0.5207
0.2641
0.9198
1.6810
0.0025
0.0804
0.0363
0.5193
1.0613
1.5058
1.3068
0.5804
0.1662
0.1305
0.3334
0.0784
0.4533
0.0255
0.7771
0.5488
0.0180
0.0487
1.0051
0.4339
0.0995
0.4910
0.1015
0.0414
0.0878
0.0027
0.3155
0.3720
0.1743
0.6286
0.1551
0.7249
1.8395
0.8168
1.2710
0.0266
0.4132
0.1239
0.0427
0.4925
0.0191
1.6473
0.8201
2.8488
0.0347
0.4296
0.3238
0.2600
0.2284
0.7042
1.1024
0.1034
0.2857
0.0786
1.1708
0.3490
0.0792
1.4098
0.1502
0.4026
0.0266
0.0948
0.3652
0.2470
0.1772
1.2298
0.1847
0.7759
0.4381
0.1404
0.8059
