7.6464
6.4308
1.1690
0.0045
0.1653
6.2722
0.4759
0.0826
5.0557
11.6725
0.8728
6.7160
2.7096
5.6112
2.5480
3.6999
8.8099
0.0060
0.0081
0.4645
3.5299
0.4169
0.2812
5.1645
3.8178
0.0005
4.6286
6.4690
6.1574
0.4793
1.7527
9.6186
0.5010
2.2400
0.6667
0.0113
1.6037
1.0775
3.6039
3.9617
4.4264
0.6893
5.0940
5.9809
0.6030
0.9781
3.3790
1.2227
1.0266
1.9607
2.0191
0.0596
0.0072
1.3548
0.1800
1.6545
0.2674
3.5344
4.9577
0.7787
1.8751
6.2779
6.6183
0.0974
7.0968
2.7930
1.1882
2.0707
5.3616
2.7667
2.0797
3.6402
2.2011
0.3402
1.6944
0.6537
0.0685
0.6910
1.0934
0.8770
0.3247
1.7002
1.0301
0.0892
2.5852
7.2308
2.6506
1.3661
0.9867
1.2066
3.2251
2.7508
0.0031
0.0118
5.7175
0.8750
1.0414
0.0362
0.0002
0.2716
0.1824
3.3153
0.9725
1.9999
2.6612
1.3316
1.4853
0.8619
0.0974
4.9104
0.6211
7.2480
2.0549
7.9439
1.7617
0.9186
0.1387
0.4411
0.6255
0.3729
0.2302
2.3216
2.7109
1.1185
2.3822
1.7063
6.5493
2.5108
0.3244
0.4909
0.3984
2.2112
5.9938
0.2647
3.6373
0.7038
2.1837
0.0014
2.6218
1.1500
3.6369
0.3559
12.2732
0.5952
12.2155
1.0064
2.4670
4.5394
3.9397
1.9925
0.6256
2.9282
0.1525
0.5169
3.9157
2.9731
0.8428
0.3253
2.1524
2.9833
0.0021
0.5534
0.7176
0.2137
2.3081
0.7162
0.5454
7.4032
1.7034
0.0654
0.6800
0.0568
8.2649
0.8382
2.3651
6.0467
0.1358
1.7661
0.4379
0.1305
5.7047
0.9641
7.5981
0.7618
3.6271
2.3555
1.5030
1.7759
9.9090
0.3390
0.3333
4.8237
0.8372
1.1563
4.4106
2.2185
1.3946
1.6163
2.2477
0.3867
7.0595
1.6034
0.6517
0.6358
1.8923
0.1938
3.7250
0.0054
0.2317
1.7360
0.2101
0.1506
0.5987
0.9721
2.1391
2.0911
0.7587
0.8050
0.7814
2.0799
1.5240
0.9689
1.2885
0.3351
0.5355
0.5804
1.0085
1.4254
0.0000
6.6395
0.3545
0.8061
0.8063
0.2091
0.0737
0.6613
3.9099
0.3649
3.5355
1.9047
4.2812
2.0437
1.1400
0.6010
1.2286
3.0810
1.8929
0.0547
2.0019
1.5880
3.5088
0.9472
2.8523
1.0410
1.4875
0.4368
1.9975
1.8242
0.3844
0.9522
0.9765
0.1395
0.0203
0.1464
2.2729
1.1505
9.4848
0.7641
1.9308
3.9373
0.5137
5.9851
1.4120
2.1898
0.0595
2.0634
6.7471
0.0000
1.2711
0.0000
1.3276
0.6493
0.1925
0.1856
0.5063
0.5896
0.4926
4.1950
0.8598
1.1793
4.1179
0.4528
0.3866
0.3605
2.0795
3.1947
3.6255
2.6419
0.7026
0.0535
0.0038
2.0919
0.8254
0.1198
2.7762
0.7842
4.5300
2.6776
5.5694
4.8963
0.2830
0.9575
1.8051
1.9955
0.8258
0.2391
2.7072
1.9309
0.1199
15.1326
2.4603
0.3523
0.8935
1.2314
0.9612
5.2783
2.4233
1.7315
1.2690
0.0088
0.6895
0.0426
1.2130
2.0887
0.0455
0.3803
0.2753
2.1428
0.5233
2.8605
1.4195
0.2643
8.5905
0.4622
0.7923
3.2045
0.5847
0.2561
2.4264
0.0706
4.9258
1.7200
3.5538
0.4310
1.6240
1.1218
5.0400
0.6559
1.6868
0.0828
0.6592
0.2978
0.1157
0.1334
1.6133
0.1685
0.1785
0.6774
0.7644
4.5886
0.6370
3.8639
1.9071
0.4118
0.3008
3.2636
0.0000
3.1146
1.3083
0.5132
0.1803
1.6100
1.3482
0.1992
0.8457
0.0000
0.0729
0.2979
1.4126
0.9482
1.1092
0.0333
1.4047
2.8786
1.6665
0.7433
1.3279
0.3216
2.0731
6.4681
6.6388
1.2802
0.0185
0.6760
1.1480
0.0529
0.2375
0.0969
1.4848
0.4250
5.8413
0.1298
1.6098
0.2923
1.8209
1.2461
1.3827
0.2262
6.3864
1.9002
1.0458
0.7758
1.4454
1.2973
4.4435
1.8934
0.8653
0.3488
1.0532
5.0372
1.1015
1.9783
0.4844
0.6013
0.0692
2.5204
0.5137
1.2528
0.1302
10.2039
0.1539
3.0510
1.3025
0.3318
8.4921
1.2745
1.2990
1.9932
0.8043
2.2195
0.0079
0.6845
1.0539
2.3908
1.5277
0.9539
0.2541
2.7630
0.8715
3.7345
2.4312
0.9403
1.5113
0.2631
3.0235
0.8274
2.1185
1.7254
1.7272
3.8688
0.4466
4.4499
1.4394
0.6958
6.9362
2.7965
0.7241
4.3408
1.6030
0.1374
4.4256
1.9619
0.1295
0.0000
6.7386
0.5606
0.4906
0.0010
0.1170
2.3271
0.0992
0.2118
0.4480
0.2409
2.8060
2.4527
3.3801
4.9939
0.7827
2.4808
1.9992
1.6859
0.7546
0.1024
0.0252
0.4141
3.6723
1.9450
3.3599
0.0104
0.2165
0.6372
0.4680
3.0345
2.5637
0.0951
1.6184
0.0021
0.5671
0.9375
0.2903
1.4117
1.0305
3.2562
0.0000
1.8490
0.5182
0.0015
1.9478
0.4842
0.8624
1.2464
1.0697
6.1680
0.3354
2.0430
0.3762
0.6027
1.7876
3.8883
4.2975
4.3411
1.2799
2.7296
0.3318
0.7991
1.2425
0.6540
1.0508
1.0619
7.7802
0.4809
1.7628
0.4923
2.1682
2.2651
0.1938
0.5444
0.1825
0.5041
0.7718
1.2697
0.7801
2.1169
0.2971
4.4819
1.9043
1.1091
0.6263
1.3166
0.1262
3.0570
0.9648
0.6101
0.7269
0.3204
0.3921
2.9587
0.8893
0.1122
0.3628
2.4602
3.3004
1.0972
0.6662
2.0582
0.2750
0.0752
0.4089
8.4036
0.1702
1.3723
2.0025
0.5071
0.1447
0.7389
1.1650
1.4537
1.9110
0.4284
1.0576
1.7273
0.2944
0.2472
1.2560
1.5090
2.9781
0.4905
0.0896
1.9573
0.5780
0.4786
1.6634
0.9319
1.8536
2.1644
0.5996
0.2586
0.3795
1.4859
2.6158
5.6753
0.5624
3.3103
1.2050
0.5408
1.3637
4.3808
1.1208
0.3886
1.6743
0.0005
0.8114
3.5322
0.2167
1.0678
0.7291
1.8367
0.1372
0.8171
4.4028
5.7137
5.0392
0.1453
1.3033
0.6204
1.2800
2.1297
0.0028
1.3248
0.3047
0.6599
2.5500
0.9426
4.7285
0.4294
1.4301
2.1437
3.8491
1.6114
3.1526
0.1491
4.0903
2.7559
0.9541
1.8383
0.5955
8.4083
0.9237
0.7851
2.7201
2.0954
1.3578
0.0000
0.9859
0.6985
0.1540
0.9908
0.4468
0.0456
0.0033
1.3500
0.0153
2.2632
3.2721
1.9910
0.1100
1.1774
0.2892
0.7577
2.1825
0.4017
0.2873
0.2724
1.3439
0.4924
2.6898
1.9770
1.4573
0.2277
0.2979
4.8262
1.3204
4.1843
1.8683
0.7872
0.7771
2.2588
0.1240
0.4234
2.4644
2.1009
0.7333
1.4844
2.7445
0.0146
5.4849
0.5847
2.5710
0.2169
0.1279
0.2138
1.2966
1.9669
0.4746
1.6165
4.6509
1.2736
0.4672
2.3367
1.1519
0.2692
4.0195
2.2179
1.0598
0.0099
0.7667
2.5731
0.1168
1.8204
0.7334
1.5588
2.3295
0.0378
5.7440
0.6669
0.1229
3.9039
1.0573
1.2867
7.1044
1.0459
0.7964
0.5938
3.5022
2.4264
0.2822
6.8250
3.0428
0.9093
1.6771
1.9631
2.0701
5.9817
0.9031
0.9348
3.4902
0.2630
0.0014
2.2797
0.8624
1.7524
0.0609
1.0072
0.2809
1.2577
0.5926
1.8165
0.3443
1.3909
0.4474
3.0431
0.0374
2.5057
0.1839
1.6852
7.5250
2.2055
0.0000
0.0241
0.0837
0.9095
1.3818
0.9992
1.0710
0.4898
0.0707
0.1200
0.7214
0.7463
0.7647
0.0016
0.0735
0.1031
1.0040
1.0560
1.7094
3.0003
5.7620
0.2284
1.8583
1.8113
1.4485
0.6955
2.1429
3.0183
0.6065
2.0389
2.4254
0.4525
2.8781
0.9548
2.2802
1.4222
1.0679
0.4558
0.3541
0.4608
0.3472
0.4726
6.5141
1.9267
0.3176
1.2391
0.0064
2.1716
1.5527
0.7128
0.2687
1.3583
0.0820
0.0057
2.2624
0.9541
4.1330
1.2257
0.4199
1.4334
0.8300
0.2715
1.0867
1.3523
1.2704
0.0585
1.1891
0.4246
0.8170
2.3263
0.5476
1.6336
8.2945
2.4494
0.4836
2.4895
0.0714
1.4745
0.4905
0.0569
1.3824
0.3254
0.0933
1.0706
0.3372
0.0922
0.3946
0.8899
1.4746
3.3302
0.6925
1.2119
0.7721
0.9963
0.5064
1.0746
1.5308
2.6919
1.9113
2.7588
1.5419
0.0641
2.2957
0.0359
3.1094
1.7267
2.2062
0.2367
0.1625
4.2183
0.2042
1.1580
0.9671
0.3152
1.7629
1.1476
0.7835
0.9326
0.2461
0.0067
4.5587
0.2714
3.8575
0.2231
0.0892
1.1439
6.6602
1.4571
0.3448
0.2497
0.1010
0.4749
1.0130
0.9134
2.1559
1.7221
0.1297
0.3179
0.4743
0.5810
0.5339
2.1547
1.2429
0.0184
0.0180
0.8018
0.1781
1.2981
0.0457
0.5029
4.5131
0.0564
0.5352
0.0213
1.4489
0.5070
3.2057
1.5284
0.8670
0.0507
2.5724
3.4052
1.5062
0.7889
1.9778
0.7168
0.0183
0.7886
1.9193
0.0094
1.1793
2.9879
0.6803
4.4185
2.9207
0.0679
0.2095
0.3090
0.9561
0.3865
0.6539
2.3406
3.8305
0.3754
2.3575
0.9342
0.2023
3.4725
0.0468
0.1217
2.8002
1.6509
2.6652
0.0655
1.5085
0.0150
0.3346
0.1173
0.2938
1.9498
6.3198
1.7071
1.0947
0.6431
2.0150
2.4207
0.0041
1.6039
0.4845
0.1024
1.9180
0.2906
