15.3194
0.0812
0.5211
2.7748
0.5475
0.9548
1.0505
0.0000
0.1442
1.9991
0.2661
3.1364
0.3898
0.2833
1.2816
1.3653
0.9930
0.0794
0.2301
0.0014
0.0497
0.3893
0.4654
1.1799
0.7468
0.5021
0.4850
2.2071
1.9713
0.2584
1.1084
0.1662
1.3179
0.0815
0.5567
1.0611
0.0070
0.5714
2.4365
3.3569
0.2101
1.0255
0.5991
0.6923
0.8564
4.3373
0.5757
1.2136
0.5660
1.6315
1.2237
0.4369
2.1305
0.9570
0.5113
1.1877
0.0000
0.1931
0.5724
0.2393
1.3460
0.3493
0.1401
1.6594
0.1036
3.0984
1.8869
1.3392
0.5698
0.2726
0.1068
0.0980
3.0363
0.2301
1.1154
0.2871
0.2077
0.9374
0.2282
0.8094
0.6359
0.2643
0.1334
0.5207
0.2376
0.6684
0.2874
0.7063
3.2660
2.0020
0.4280
0.8965
1.2286
0.4251
0.6677
0.0021
0.0639
0.0793
0.4656
1.3957
0.5735
0.5721
1.8670
0.0907
0.4704
1.0405
2.1547
0.0777
0.6720
0.6968
0.9238
1.0461
0.2266
0.2845
0.2982
0.1057
0.1701
0.9857
0.0922
0.2068
0.1451
1.9911
0.4054
0.5943
0.2196
0.6712
1.2946
0.4393
1.7921
0.4093
0.7724
1.7636
0.0617
0.0911
0.5942
0.4714
0.7886
0.1297
0.0000
0.1831
0.3700
1.7018
1.6351
0.7429
0.1763
0.1381
0.3957
1.0366
0.5795
1.7977
0.1153
2.8598
1.0809
1.3773
0.5170
0.0360
0.1246
2.7258
0.4867
1.2201
0.9646
0.5828
0.5062
0.1676
0.7026
1.2028
0.2833
0.9317
2.1512
0.0056
0.0000
0.7984
0.3622
0.7150
0.2996
1.5861
0.9387
0.5453
0.8084
0.4013
0.4295
0.0705
2.1226
0.0299
0.0900
0.1784
0.7864
0.3250
0.1083
0.2230
1.3598
0.0650
0.2847
1.0853
1.0586
2.0866
0.0220
0.2786
1.6857
0.2569
1.3889
0.1276
1.1231
0.0647
0.0838
0.6998
0.1621
0.8016
0.1529
0.0425
0.4648
0.1502
0.1869
1.6094
0.3302
0.3917
3.4044
0.1548
1.8544
0.1399
0.7297
0.5828
0.1453
0.2758
1.1271
1.0091
0.0466
1.4365
0.5008
0.1590
0.9673
0.0125
0.0500
0.5880
0.1841
1.8308
3.4852
0.2102
1.0474
0.2478
0.0453
0.3583
0.1702
0.2031
0.0944
1.4025
0.7877
0.1225
0.6853
1.1593
1.1353
0.7470
0.8563
0.0284
0.0664
0.0002
0.2830
0.5873
0.6309
0.4080
0.2100
0.1086
0.7889
0.0903
0.0305
0.1579
0.2995
1.7298
1.0907
0.0773
0.8306
1.0500
0.0591
3.0492
0.1049
0.1629
0.0213
0.7414
0.0537
1.5593
0.6293
0.2346
1.0519
0.5814
0.1212
0.9035
0.1275
0.3826
0.5437
0.1344
0.3339
0.0852
0.0712
0.7443
1.1908
0.8248
0.3306
0.1707
0.0047
1.0306
0.6688
1.1343
0.5183
1.6152
0.0505
0.4102
0.2078
0.2037
1.1333
0.7585
0.2563
0.1763
0.1477
0.2942
0.0047
0.0782
1.3086
0.0781
0.3441
1.0282
2.3321
0.0882
0.3965
1.3966
0.0377
0.7846
0.2424
1.4520
0.9501
0.7251
2.7351
0.3147
0.7858
1.0720
0.9343
0.3995
2.7798
0.8893
0.4062
0.4283
0.0000
0.4983
0.3845
0.9536
0.9237
0.7726
0.4630
2.2222
0.8483
1.9302
0.2811
0.4222
0.2411
1.1012
2.3398
0.1022
2.0840
0.7333
0.2968
0.1493
0.2638
2.5879
0.9987
0.2241
0.7881
0.2577
1.7053
0.4581
1.7952
1.5983
0.4078
0.1696
0.1831
0.3062
0.3507
0.6236
0.4508
1.1552
0.2745
2.2116
1.3046
0.1820
0.0252
0.0066
0.1417
1.1927
0.0499
1.6944
0.0719
0.2096
0.5723
2.2524
0.1034
0.8214
0.5241
1.0610
1.4752
0.0572
3.7324
0.0449
0.5482
0.6437
0.3082
0.0453
0.1964
0.7321
0.0946
0.6761
0.1377
0.2300
2.3069
0.0249
0.5209
0.5154
0.4814
0.7518
1.4698
0.5423
6.4701
0.5435
0.6279
0.9498
1.6018
0.7255
1.0137
0.2784
0.1552
0.5468
0.5157
1.3955
0.3193
0.9612
0.8263
0.3503
0.3772
1.0708
0.4654
0.0122
0.3769
0.3900
0.2804
0.2289
0.6455
0.2008
0.1144
0.8741
0.3246
0.0491
0.4332
0.0602
0.6667
0.2646
2.1829
0.4002
1.2947
3.2883
1.9020
0.1248
3.8136
0.6218
0.4838
1.9636
0.6724
1.9659
1.3425
0.2625
0.3312
1.1389
0.0033
0.8192
0.2819
0.4170
0.1918
0.1388
0.1583
0.9702
0.9533
0.8022
0.0357
0.2281
0.1690
1.2602
2.9967
0.0207
0.3110
0.9099
0.1940
0.9545
0.0572
0.2694
0.6277
0.6534
0.3038
0.0736
0.2833
0.4954
0.0395
0.3659
0.9669
1.2722
0.4590
0.8953
0.5783
1.3792
1.6068
0.1194
1.7975
0.0718
0.1351
0.1304
0.8802
0.7879
1.0353
0.4237
0.1970
3.7007
0.2155
0.1851
0.0548
0.3491
0.3362
0.8037
0.4374
0.0146
1.7105
0.0015
0.4512
1.9132
0.2216
0.3224
0.6985
0.6020
0.1711
0.6604
0.0002
0.0020
0.7495
0.2211
0.7324
1.8363
0.4222
1.2525
0.1365
0.2197
2.6510
0.6000
0.2006
0.1250
0.7635
0.2411
0.2544
0.0000
0.4082
1.4423
0.3765
0.4682
0.0800
0.5643
0.4416
0.6001
0.0537
0.2261
1.2158
0.4699
0.0038
0.8379
0.6382
0.7481
0.0198
0.0964
2.3594
0.5150
0.4522
0.9451
0.1014
0.0695
0.0994
0.6560
0.7221
0.1404
2.5119
1.0216
1.9502
0.5502
0.0835
1.7004
0.0673
0.4024
0.6514
0.7718
0.3579
2.0723
0.0285
0.2173
1.4323
0.8756
0.6516
3.7462
0.5634
0.1700
0.6490
0.3583
2.2134
0.7690
1.5129
0.8843
0.0733
0.4175
0.6469
0.2527
1.0397
0.3279
0.0731
0.8222
1.7031
2.1202
1.0520
0.3982
0.1784
0.5566
1.5887
0.1364
0.3785
0.0074
1.3274
0.9378
0.2831
0.9049
0.2614
0.5938
0.1696
0.6218
1.7994
1.1638
0.1286
0.9541
1.8428
2.5214
0.0401
0.9327
0.1012
0.0231
0.6808
0.0620
0.8389
0.8560
0.2355
0.2580
0.2099
1.0896
1.1962
1.0638
0.1899
0.1898
0.3194
0.1600
0.5267
0.0824
2.5137
2.4169
0.0599
0.5085
0.0014
0.4560
0.8245
1.2301
1.0264
0.0605
0.0197
1.1479
0.2830
0.7740
2.8801
0.3592
0.2786
1.4025
0.0000
3.2083
0.4883
0.7734
0.0108
0.9835
0.0916
0.1285
0.2243
0.4594
0.8716
0.1644
0.0501
0.4363
0.4269
0.4895
0.7507
1.6749
0.0384
0.5444
1.2463
0.4564
0.4206
0.8000
0.9347
2.6629
0.6750
0.0639
0.6644
1.0266
0.3251
1.9227
0.1924
0.0198
0.2859
0.0174
1.0721
3.5585
1.5453
0.0501
0.7952
0.2215
0.0342
1.0717
1.0345
0.0107
1.7101
1.5676
0.3325
0.2569
1.3289
0.5595
0.1515
0.6856
0.1214
0.1862
2.7125
0.7117
1.2829
0.1858
3.4595
1.0812
1.0886
0.1635
0.1041
0.3600
0.1015
0.0648
1.2906
0.2205
0.6979
0.7795
0.4508
0.6067
0.3888
2.3666
1.3232
0.1075
1.4072
1.5864
1.6372
0.8858
1.4205
1.3620
0.3678
0.1510
0.9498
0.2016
0.9904
1.1190
1.5079
3.2522
1.9490
1.8024
0.0573
0.0940
0.4716
1.6784
2.4554
0.7718
1.1928
1.4970
0.4642
2.5905
0.7697
1.3666
2.2273
0.8234
0.6324
0.4897
0.1499
0.1918
0.1053
0.3434
0.5735
1.3046
1.3103
1.4994
0.0966
0.6699
1.5827
2.4863
0.8948
0.1000
0.1315
1.1575
0.2536
0.0584
1.1762
0.1139
0.0493
0.8051
1.0055
0.5919
1.3131
0.5714
1.1186
1.0833
3.5650
0.2103
0.1174
0.8503
0.0947
0.3295
0.4346
0.2240
1.8145
0.3280
0.4280
1.0734
0.5714
0.5598
1.1460
0.9668
0.7741
0.1444
0.0350
0.7681
0.0494
0.6387
0.2760
0.2548
4.1745
0.9328
0.4071
0.1435
0.9256
0.4132
0.0235
0.4900
0.4862
0.3500
1.0041
0.7067
0.5926
0.4317
0.1279
0.9469
2.4530
0.7737
1.0143
0.0809
1.2285
0.9760
0.0901
1.1107
0.0004
0.3532
1.1747
0.3532
0.4416
0.4129
0.3788
0.2718
1.3829
1.4350
0.0135
0.7147
0.7558
0.0878
0.5736
0.4725
0.2013
0.4923
0.4598
0.7807
0.5588
0.7000
0.4970
0.6213
0.0808
0.1013
0.6124
0.6772
1.5443
2.5667
0.0000
0.1912
2.7036
0.2373
0.3200
1.6376
0.0002
0.0848
0.6103
1.6217
1.1322
1.0010
1.1083
4.0010
0.0411
1.7106
0.1907
2.2025
0.4151
0.1966
1.3483
0.5853
0.5942
0.7248
0.3076
0.4273
1.3197
0.4524
0.0129
0.0549
0.2106
0.9654
0.9855
1.0398
1.4218
0.3861
0.8351
2.1503
0.1369
0.7778
0.2802
0.0507
0.7403
0.4440
2.9095
0.9842
0.0623
0.3363
0.8479
0.6129
0.3265
0.3335
0.5688
0.1049
0.8003
0.0523
0.3128
0.3300
0.6827
0.7487
0.0123
0.0000
0.9440
0.1813
0.3914
1.0811
0.0376
1.3290
1.8129
0.1446
0.1875
2.0988
1.3469
1.0558
1.6252
0.0000
0.1073
3.9366
0.0168
2.2971
1.4440
0.6824
0.3300
0.6964
0.2520
0.9030
0.6884
0.2267
0.3997
0.6428
0.2489
0.5621
0.3017
0.7583
0.5310
0.7079
2.4663
0.0107
1.1786
1.7214
0.4654
2.4281
0.2284
2.6209
1.0802
0.1623
0.2096
1.6583
