1.4260
1.6165
1.9696
2.0234
1.7180
6.4684
0.0206
4.9865
2.1871
0.5282
5.7857
1.4591
1.1906
5.3835
1.4117
0.2774
1.6337
0.2193
8.6931
1.5908
2.2130
2.9201
4.3358
0.0481
1.4526
0.8034
1.0497
0.5288
1.1476
7.7120
0.1175
3.6956
0.4967
3.8614
0.0810
3.2585
1.4654
0.0288
0.3357
0.5632
2.8438
3.3590
0.0000
0.0539
0.3976
0.1054
0.4311
1.0604
3.5987
0.1776
1.1461
5.4270
2.0212
0.4377
5.4395
4.5269
2.0173
0.3821
0.5636
0.8771
1.2605
0.3397
0.6585
1.4832
3.1491
1.3675
0.0984
1.8041
9.3578
0.2323
0.0925
1.4247
1.2020
2.0462
3.9348
1.8440
1.5082
3.9311
4.3012
1.6988
0.2178
6.1251
4.4488
7.3836
5.2077
0.8781
2.6108
0.2600
0.1490
2.1459
0.2031
0.0556
0.0031
0.0000
4.6785
1.7334
0.0374
1.5767
0.4632
0.0000
