10.0594
16.5659
4.6692
0.7724
0.5215
2.0219
1.9101
0.9489
0.1715
2.7141
0.1873
0.0508
4.3388
3.6703
8.8574
1.6986
1.8079
0.5153
0.2924
0.8368
2.9417
0.4267
1.7911
0.4140
2.9592
1.1613
1.0251
0.5622
0.6263
4.8968
2.3161
1.5656
1.0945
0.9383
7.0678
2.2531
0.6078
1.8719
0.5481
0.4887
3.5838
2.6402
0.7257
0.2634
0.7598
1.9115
0.4607
5.5089
0.1045
3.3288
0.0242
0.8235
0.8970
3.5651
2.0862
1.0336
0.2274
3.6761
1.6075
0.1120
1.1110
3.0688
1.6999
0.1087
0.0293
0.2901
1.9286
0.0687
0.7451
0.4034
0.7099
3.0787
0.3430
3.7273
0.4369
5.2289
3.4578
4.5493
0.3800
0.0003
3.0438
1.5849
1.1325
0.4973
0.0041
0.2076
0.0425
1.1635
0.2218
1.7735
2.4152
1.9808
0.0716
2.2422
0.0099
0.8839
1.6131
4.0057
1.5901
4.4058
0.9651
0.3705
0.0751
3.7835
0.0312
0.1770
1.5387
1.5798
0.7187
0.9316
0.2603
0.4388
0.1028
2.0678
0.0017
0.4268
1.3402
1.7886
0.2858
2.2035
3.0840
0.0777
0.7960
0.3312
0.6291
0.9846
1.8096
5.1151
1.3433
4.2239
1.5827
0.1692
1.6669
1.5944
1.6708
4.7238
0.1195
1.9704
0.0731
1.4642
0.0002
1.0931
1.1493
1.6340
0.2599
0.3423
1.8720
0.1112
0.7085
1.8298
0.8953
0.4035
3.8667
0.0557
0.1422
0.9455
3.2203
5.1530
1.3179
4.7802
1.3040
0.6574
1.5601
0.5490
1.9678
0.1254
1.7135
7.5229
0.1497
3.6133
3.4045
0.0838
0.6312
2.6560
3.0442
4.2547
0.4051
1.1028
2.3662
3.4132
0.3899
2.1581
0.8663
0.2845
0.6031
2.4585
0.8458
0.8815
1.0853
0.3873
0.0509
0.0000
3.8926
4.8279
1.6995
2.4702
2.1497
0.8620
5.6115
2.0846
3.2203
0.0698
0.5417
5.4207
0.6200
0.8186
0.6742
3.1118
0.0685
1.7106
3.0166
3.2806
2.8576
0.6436
0.3983
0.3976
3.5741
6.5189
1.3005
1.1721
0.9004
0.6054
0.1756
2.0840
1.3426
3.0640
2.4101
1.0947
2.6779
0.9821
4.3965
0.7984
0.4676
0.3283
0.5039
0.1265
2.0510
2.0832
0.6521
0.3998
1.4998
0.7020
0.0785
0.9700
0.6379
0.5720
0.3043
0.4732
0.5156
2.9593
2.0832
2.3411
0.9336
0.5594
0.1491
0.3573
0.2951
3.4209
0.1537
0.0078
0.3231
0.0867
0.2178
3.6151
3.8427
0.2334
0.4692
3.4584
0.5864
2.1474
2.9403
0.4729
2.3667
1.6993
3.9375
0.2565
0.6917
1.2646
0.7805
0.7081
0.8650
0.6969
1.5460
0.3156
1.7469
0.1802
2.8199
1.2574
0.3796
2.6569
0.0217
0.4413
0.0010
2.3537
1.3958
0.0879
1.7370
0.7429
0.6017
0.2267
0.0997
0.0368
0.8556
1.8642
1.0015
0.6694
2.0315
0.9859
0.5705
1.3690
1.1514
2.0474
2.0431
0.1333
0.1856
2.5397
3.8090
7.2878
1.3793
0.3222
0.4964
2.9076
2.6032
4.8588
0.1279
1.1686
1.4834
0.0070
7.4394
0.9483
3.3953
1.6917
0.2566
1.1922
0.9154
0.8446
3.0029
0.3100
1.1532
0.5905
1.3806
0.2390
3.4355
0.0415
3.1614
0.1069
0.2388
1.1958
1.3019
1.5951
1.6614
1.6434
0.4734
1.1102
0.0724
1.4039
1.3102
0.4993
1.3288
2.8505
2.4079
0.9792
2.2001
0.9212
2.8862
1.5150
0.8804
0.8270
0.1608
0.7877
1.2712
0.4229
0.1780
0.8454
2.6311
0.9257
0.0476
4.2587
0.1414
1.7646
0.1873
0.1690
0.7848
0.0000
3.2648
0.1070
3.0936
0.5325
3.2488
5.1171
0.8203
1.3663
0.1174
2.1646
1.0967
0.1463
0.5576
1.3631
0.4166
0.0546
0.1797
1.3730
0.2999
0.0373
0.4892
0.1548
0.5729
0.2135
1.2774
2.3740
1.7503
1.8837
1.0895
0.2326
0.2576
0.0281
5.9416
2.7973
1.0433
7.3956
2.5627
0.9258
6.2805
0.4197
2.7294
0.5456
0.1111
0.5179
1.0077
0.0762
7.4934
0.9174
0.8715
0.9869
3.0600
0.1420
0.0795
4.0245
0.9887
0.9660
0.5413
0.2194
0.2053
0.3453
0.2825
0.0527
3.0353
0.5710
0.0251
0.6976
1.5125
0.7461
5.6661
0.2032
0.0157
2.7002
1.5403
1.6841
0.6575
3.6533
0.2926
0.0675
1.2915
0.8151
0.7856
0.1613
7.5777
0.5941
2.7508
1.4088
0.0850
0.4573
3.3565
1.1562
1.0697
0.6080
0.9936
2.0941
3.6027
1.2218
0.5150
0.0922
0.2973
0.8181
1.6683
0.9454
0.3987
3.8541
2.6367
1.4634
0.0001
0.5899
0.1647
5.7363
0.0016
12.8761
0.5129
0.3796
0.3517
2.3611
4.3304
2.4731
1.2947
0.3555
0.6201
0.0388
1.1517
0.3903
1.3443
0.2420
0.2361
1.5817
0.4542
0.1543
2.8813
0.6512
0.6890
0.6426
2.5078
0.6750
1.3363
0.0627
0.0608
1.5844
1.6061
0.6054
4.4608
1.5999
2.1925
0.5939
0.7232
0.6689
0.9408
3.4214
4.8516
0.6684
3.2767
0.1098
0.1346
0.7280
0.7125
2.6318
2.6400
2.1070
0.4887
6.3976
1.3902
0.0003
1.3236
0.6740
0.3217
2.6429
0.2108
0.4949
0.8253
0.0138
0.0000
0.9081
0.2537
2.9866
4.4529
0.4400
3.3411
5.4556
2.6410
0.6471
0.6112
0.3636
1.9004
0.6560
3.2302
2.6739
1.1464
2.0990
0.4040
4.4616
0.1284
2.4314
0.9532
0.6678
0.1045
1.8125
0.1063
0.0113
3.7148
0.1233
3.2870
0.0268
0.0000
0.1791
1.7320
3.0439
0.3732
0.0761
1.3666
3.2059
3.7600
2.4047
0.0300
2.2474
1.7826
0.3568
0.1998
0.8584
0.1774
0.2513
0.8232
0.0059
0.3596
1.0104
3.6893
1.9616
2.2666
0.8451
1.9841
1.6827
1.3454
0.0677
0.2909
4.3209
0.2497
0.2552
0.2105
2.2177
3.6832
0.2435
2.2251
1.5049
1.4566
0.1817
0.0715
0.7316
0.5151
2.2777
0.7936
0.2273
0.3921
1.1565
0.9691
2.1037
0.0297
0.0318
1.5189
0.3597
1.2787
4.7269
1.3095
5.3825
0.4921
0.5100
1.5105
0.1509
0.0281
0.4643
1.8957
0.7461
2.1437
0.7567
0.0139
1.8480
6.2530
1.6157
1.0770
0.1064
0.5968
1.4471
1.2656
1.4058
0.0544
2.1967
2.5754
1.4328
3.0226
0.7639
2.0881
0.2320
0.0000
2.1344
1.1404
1.4340
2.3311
1.7564
1.8293
2.3357
0.4017
0.1680
0.5906
2.0599
0.0716
2.3335
0.9627
0.4838
0.7726
0.3203
4.5880
1.9546
4.3207
2.8850
3.6455
1.1924
0.4047
1.3605
0.0968
1.1253
0.4751
1.1756
2.1750
0.0473
0.3973
4.7800
0.0045
3.4998
6.4108
3.5026
6.4234
6.4413
0.7600
1.2517
0.7564
1.0394
2.3259
1.5868
0.6515
0.0801
0.0906
0.0680
0.0000
0.3541
5.2883
2.2322
1.1502
0.1198
0.8453
0.3563
0.8571
0.0917
1.5838
0.6742
1.9655
4.1816
1.1506
4.2416
1.6744
1.7049
1.7709
3.0305
1.3457
0.0719
0.0008
1.3436
6.2332
0.5941
2.3700
1.2433
2.1304
4.8454
1.1530
5.3960
0.0109
0.3181
0.2127
0.4144
1.3221
0.6988
1.6277
0.2197
0.1626
1.2741
6.0894
0.3795
0.6361
2.8068
1.1019
0.6645
0.5496
0.7897
2.6546
0.9581
0.0336
0.0328
2.8092
1.8155
4.9966
0.3400
0.7781
0.2399
0.0503
4.3085
4.7754
2.9440
0.1923
1.2609
1.4995
0.5062
0.1573
3.4286
0.5338
0.1175
1.2466
3.9239
0.0986
5.0214
0.2006
2.4128
0.0433
0.1874
1.4995
4.8253
0.2730
0.0002
2.2646
0.0374
0.7683
0.8786
4.4496
4.9847
2.9706
2.6638
0.5203
0.2723
0.2318
2.2411
5.7411
6.7896
4.2957
1.6266
3.1410
0.8825
3.7499
6.6528
0.3290
0.5569
0.0383
0.6540
1.0633
1.5624
2.6091
0.7430
3.5835
0.0420
1.6406
0.8468
0.7042
0.2393
1.1663
1.6574
1.5314
1.3837
3.7707
0.2248
0.1489
0.1957
0.4473
0.3648
2.4128
2.0851
2.8500
2.3932
0.4080
2.8897
0.6687
1.3339
1.7110
2.0539
4.1871
0.4618
6.2820
0.3596
2.9841
0.6838
2.3910
1.7872
0.0617
1.0540
6.4792
0.0000
4.2612
0.0104
0.3273
0.0123
2.8009
0.0054
0.2660
0.5376
0.9342
1.1361
3.7726
0.2574
0.5053
3.1793
0.4015
1.6388
3.5400
2.3233
2.7650
0.1955
2.2891
2.2613
0.9048
1.7316
0.0726
0.2630
3.3286
4.1840
1.8470
2.1338
1.3750
2.6402
1.0033
0.6349
0.9764
0.7181
0.9301
0.3678
0.5638
3.2097
2.6882
2.2033
5.4003
3.4044
2.5643
4.0020
0.7961
2.9423
4.0889
0.3732
1.1223
2.3476
0.0676
0.0964
0.4149
0.5207
0.7499
0.4160
3.3909
0.2518
1.3881
0.8973
1.1897
1.0884
1.8512
6.1024
2.8782
0.5583
0.8615
0.6369
0.5338
4.1234
0.3318
1.6994
3.8037
8.2931
0.0000
2.6317
0.0852
1.7227
9.3119
1.4085
0.3880
0.8841
0.1674
0.5596
0.7142
2.0142
3.7372
0.3090
0.2940
0.0962
3.1077
0.4654
0.4707
1.0781
1.6811
1.5623
0.6228
2.0049
1.5735
1.2641
0.3957
3.1217
2.4499
0.1309
0.8451
0.9736
0.5210
2.4688
0.8388
0.2537
0.7563
0.2061
0.1203
0.7244
1.4843
0.6631
0.5166
2.2521
0.1306
1.7829
3.8142
1.0934
