2.0181
5.2695
9.1573
1.8232
2.8059
0.0002
0.2144
1.5475
1.3644
0.4642
4.0032
0.5408
1.6042
0.5061
1.7650
0.5851
3.6171
0.6583
0.4172
0.0169
1.2872
0.5584
1.7441
0.1861
0.6167
1.4572
1.9544
0.2397
0.5187
0.0559
2.2215
0.5310
1.8733
2.0207
0.5960
0.6568
0.0435
1.4992
0.3940
0.3545
0.1695
0.3073
1.0154
0.8153
0.5904
0.3144
0.1394
1.8902
0.1447
0.0000
0.7191
0.9050
0.0982
0.2500
0.5454
0.7018
0.3278
0.0088
0.0005
0.1231
0.1052
0.9496
0.0067
0.0365
0.1621
0.0951
2.4327
0.2142
0.4361
0.2032
1.3162
2.4951
0.0000
0.3576
2.6065
0.0588
0.0000
1.2191
0.5200
0.6689
0.1291
1.5048
0.3736
0.0763
1.3439
0.3892
0.5893
0.3560
0.1533
0.8071
0.2430
0.3112
1.2156
0.0765
0.6758
1.4893
0.2924
0.4904
0.6073
0.9801
2.0930
1.0664
0.0561
0.1009
0.3045
0.5505
0.4613
1.1116
1.4294
0.5140
0.0762
0.0120
0.1889
0.6130
0.8908
1.2742
0.7530
0.6450
2.8104
1.9100
0.3357
1.6821
0.4628
1.4898
1.1812
2.3586
0.8651
0.1119
0.3409
0.4108
1.6481
1.1760
1.1348
0.3139
0.3074
0.0049
1.5956
0.2636
1.0764
0.4175
0.1208
0.9572
0.1471
1.5727
0.6732
0.7368
0.2669
0.5379
0.7993
0.1976
0.7181
0.0692
0.2647
0.0000
0.5829
0.0318
0.0382
0.0174
0.4318
0.0704
1.6167
1.1014
0.2174
0.4463
3.5047
1.2456
0.6521
0.7648
0.2826
0.0005
0.5677
1.1284
1.3997
0.0359
0.6807
1.9441
1.3980
0.5832
1.1872
0.5662
0.4281
0.9358
0.7074
0.0000
2.3507
1.7418
0.5844
0.8271
0.0078
0.6201
0.1997
0.1414
0.2223
0.1688
0.5582
0.8444
0.2291
0.0000
0.7735
0.8857
0.1396
1.4762
0.1061
0.8354
0.4679
1.5449
1.1012
0.7130
0.4595
0.2518
1.4755
0.9045
0.0826
0.1179
0.0790
0.1983
0.4659
1.1132
0.6598
0.2831
0.2274
2.4715
0.9335
0.6271
0.3088
0.3378
1.4196
0.0545
2.7197
1.0059
0.1793
2.2345
0.5634
0.5234
0.3078
0.3938
0.0691
0.0119
0.0923
0.3252
0.2895
0.0708
0.7352
0.1159
0.0012
0.0768
0.3670
0.1543
0.3740
0.2156
0.1778
0.6551
0.0356
0.5126
0.1337
0.1335
0.3487
0.7942
0.8748
0.0009
0.0257
0.2472
0.4630
0.5165
1.3851
0.5213
0.3183
0.4397
0.9989
0.2230
0.6294
0.0539
0.8082
0.3264
1.4688
0.3380
0.9547
0.3731
0.6252
0.7150
0.3225
0.0209
1.3646
0.9114
0.0180
0.3456
2.7612
0.2751
0.5038
5.8097
0.2547
0.4119
0.7217
0.3929
0.1830
0.2234
0.5691
0.4349
0.0103
1.4188
0.2842
0.2885
0.0544
0.0940
2.0200
0.0046
0.8468
0.5177
0.1318
0.9498
0.3877
0.0286
1.2401
0.4610
0.4357
1.2583
2.2442
0.1686
0.4188
0.7269
0.2326
0.2325
0.0329
0.2688
0.1297
0.3739
1.9354
0.6062
0.9844
0.0013
0.8050
0.8196
0.4624
0.2329
0.1858
0.1612
2.2471
0.1523
0.7609
0.7807
0.3154
0.4515
0.1602
1.8157
0.1113
0.0945
1.3052
1.2362
0.0316
0.2020
0.2144
0.1967
0.8144
0.5881
0.2095
0.4583
3.8868
1.1373
1.1644
0.7294
0.1835
0.9243
0.9576
0.4073
0.3902
1.1783
0.4934
0.3896
0.6324
0.3495
0.6579
0.6684
0.3328
0.8585
0.8806
0.7337
0.2297
0.1500
0.7360
0.0267
0.2972
0.0895
0.1287
0.8626
0.2553
0.7218
0.2562
0.9868
0.0001
0.4489
1.6665
0.5156
0.0847
0.8253
0.2932
0.3105
1.4836
1.3128
0.3306
0.1784
1.3833
0.1325
0.2886
1.7406
0.7822
0.5738
0.0290
2.0946
0.7692
0.3297
0.8880
0.0531
1.0392
0.3530
2.4407
0.2633
0.9085
0.6261
0.2030
0.3589
0.0817
0.2070
0.1040
0.5454
0.2030
2.4343
0.0496
1.4474
0.3658
1.0594
0.4832
2.5849
0.0556
0.2334
1.3862
0.1916
0.3342
0.1485
0.4330
0.1665
0.0711
0.2553
0.2477
0.2406
0.1851
0.2498
0.0522
0.6490
0.4156
1.5414
0.7596
0.0613
0.0891
0.5739
0.0306
0.1970
0.3474
0.4726
2.3715
0.1868
0.4221
0.2740
0.0325
0.2875
0.5557
2.7677
0.0959
0.0987
0.1774
0.1209
1.0720
0.3612
1.3088
0.2997
1.1162
1.0622
0.3453
0.2803
0.4919
0.1456
0.0266
0.0922
1.2058
0.2375
0.8227
0.2641
0.0049
2.8061
0.2233
0.0745
0.0197
0.8692
0.1820
0.2479
1.5090
0.0009
0.0235
0.6036
0.0008
0.0039
0.5263
0.5213
0.6788
0.1271
1.5874
1.6050
0.0595
0.2036
0.0215
2.0084
0.9388
0.1585
0.0116
0.6248
0.4969
0.2213
0.6475
1.0839
0.3742
0.4175
0.5691
0.4013
0.6396
0.4484
0.7892
0.3951
1.0468
0.9264
0.6237
0.0601
1.4595
0.4451
0.1825
0.4500
0.2093
0.1427
0.0798
0.5555
1.2032
0.1952
0.5373
0.5557
2.0715
0.0017
0.0916
0.8009
0.5056
0.2417
0.0785
0.2976
0.2068
0.6487
0.2823
0.1142
0.3051
0.0751
0.0334
0.5284
0.0844
0.0540
0.6285
0.0003
0.4530
0.7762
0.7666
0.1580
0.6221
0.0524
0.0970
0.0822
0.8269
0.4861
0.0697
0.1552
0.8097
2.0199
0.2508
0.7037
0.4673
0.1234
0.0292
0.1245
0.5317
0.1650
0.1678
0.3759
0.0747
0.5069
0.0071
0.1745
1.0908
0.1954
0.6224
0.0389
0.0007
0.3831
1.1734
0.6261
0.4969
0.4878
0.9911
0.2843
0.0310
0.1270
0.5284
0.0315
0.3391
0.4447
0.5960
0.4917
0.8994
0.9175
0.0722
0.1121
0.0551
2.5962
0.0357
0.0314
0.4680
1.9977
0.2223
0.3588
0.1174
0.0437
0.5492
0.2819
2.3827
0.5316
3.9467
0.0721
1.3854
0.0392
0.3420
2.7773
0.1820
0.1691
0.6208
0.2016
1.0381
0.7449
0.8082
0.8399
0.2137
0.2174
0.5158
0.0598
0.2728
1.8107
0.1796
1.4217
2.0742
0.8431
0.5729
0.3676
0.8175
0.0235
0.6390
0.3057
1.0841
0.3786
0.6181
0.0437
0.3488
1.5670
0.3499
0.6287
0.2360
0.6002
1.3738
0.8486
0.2914
0.0769
1.9586
1.1953
0.3328
0.1437
1.0269
3.8497
0.2859
0.4122
0.4660
0.1087
0.0883
2.0601
2.3572
0.6635
3.9202
0.0141
1.7056
1.6477
0.1882
1.4489
0.1649
2.0454
0.7276
1.1217
0.2837
0.3889
0.3783
0.8210
0.5827
2.3976
0.1726
0.0711
0.1534
0.1654
0.5496
0.2859
0.5097
1.3633
0.3624
3.6689
0.3788
0.6121
0.7480
0.6299
0.2380
0.0115
1.1033
0.2362
0.0497
0.1178
0.0480
0.4171
0.6669
0.8823
0.4984
2.0155
0.1077
0.4056
1.5263
0.1681
0.6504
0.7354
0.8106
0.6948
0.8332
0.1161
0.0057
0.2400
0.3201
0.8467
0.2331
0.3097
1.0898
0.7757
0.1910
0.2346
0.6308
2.6121
0.2820
1.4372
2.1585
0.1186
0.1745
0.2968
0.0720
0.1402
0.3407
0.4273
1.6473
0.2641
0.0111
0.0101
0.7669
0.3694
0.0541
0.8112
0.4871
0.5365
0.0236
1.0769
0.4545
1.7687
0.8842
1.2696
0.1126
3.2238
0.9276
0.1484
1.3167
2.2868
0.0220
0.1358
0.6924
0.2863
0.4552
0.0841
0.2906
0.5460
1.8348
0.2796
0.7035
0.5434
0.6760
0.2871
0.0901
0.6793
1.0784
0.1024
0.3420
1.2222
0.4640
0.1114
0.2638
0.1279
0.0291
0.3128
1.4145
0.1287
0.1825
0.1692
0.2019
2.1176
0.7081
0.3015
0.5930
0.2530
0.0194
0.0904
0.3320
0.6446
0.2181
1.5147
0.2574
1.1841
0.6611
1.5295
0.0820
0.6933
0.5227
0.8513
0.0199
0.2026
0.4471
0.2549
1.4889
0.4457
0.7910
0.0159
0.1989
0.2693
0.2337
3.0607
0.1390
0.0426
1.3145
0.1075
0.5190
0.2688
0.9397
0.0408
0.5678
0.3999
0.1372
0.4005
0.5537
0.2525
1.7704
0.0452
1.8033
0.4269
0.5665
0.1283
0.3505
1.1590
0.0920
0.5430
2.6725
0.1572
0.1041
0.0183
3.6425
0.4414
0.2773
0.2535
0.1944
1.8616
0.0136
1.9971
0.1641
0.0317
0.1329
0.2085
0.2044
0.6925
0.0192
0.2316
0.3083
0.6942
0.7015
1.3380
0.0926
0.2184
0.1371
0.2936
0.7271
0.7201
0.5066
0.2463
0.4111
0.3250
2.8057
0.2521
0.6560
1.1720
0.2653
0.3556
0.3676
2.2046
0.6644
0.0240
0.2849
0.9286
0.3527
0.9146
0.6934
0.0988
0.4382
0.7381
1.8890
0.5293
0.4513
0.1212
0.2056
0.6310
0.3155
0.0013
0.2544
1.2098
0.0978
0.0759
0.3202
1.0390
0.3129
0.0677
0.0232
0.1141
0.0591
0.6688
0.6971
0.3237
0.6854
1.2517
1.0919
1.0591
0.6834
0.0121
0.7919
0.5265
0.5075
0.0963
0.1932
0.0818
0.1692
1.2660
0.1779
0.0440
1.1884
0.2040
0.0755
1.0226
0.2599
0.1593
0.8494
2.5656
0.4086
3.8224
0.9624
1.0517
0.9489
0.4533
0.2524
0.8696
0.1022
0.5480
0.9157
0.7479
0.3045
2.1465
0.0609
1.4871
0.1773
0.3494
0.9799
0.2102
0.6111
1.0871
2.5084
0.8394
0.3911
0.4002
0.7138
2.2097
1.0398
0.2375
0.2909
0.3757
1.9732
0.0106
