1.1460
0.7563
0.8272
1.9754
1.6315
0.3825
8.6861
2.7177
0.4014
0.0000
1.3603
1.7043
0.6764
2.3100
0.7169
0.6282
0.8696
0.4242
1.0952
0.8215
0.7938
0.0923
2.6330
0.8059
2.5777
0.3605
1.2271
0.1856
0.5867
0.0727
1.8904
1.2161
1.5559
0.4848
7.2081
1.0493
1.6240
3.9717
1.2639
1.7739
3.3891
0.3983
0.8500
0.2880
0.7216
1.2941
3.3500
0.3395
0.0988
0.1057
0.3457
0.1459
0.1638
0.1889
0.0000
1.2792
4.0710
2.0525
0.7967
1.4389
0.8301
0.0000
4.3394
4.0920
2.5639
1.5264
1.8403
1.3415
0.1827
1.4068
3.4458
1.4842
0.0363
0.0918
0.4939
0.6718
2.4252
1.8587
1.6486
0.0241
0.3920
1.5703
3.0996
0.1968
0.1100
1.5065
0.7807
4.0541
0.8661
0.8936
4.0971
3.2892
3.3610
0.4115
0.4181
1.2743
2.3399
0.6822
0.8096
0.5953
1.2213
0.7459
0.2542
6.0696
3.6855
1.7132
0.0059
0.6419
0.4244
0.2837
0.7454
0.9395
0.7259
3.9568
0.6533
0.8701
1.5378
2.1008
0.0018
1.2670
0.0837
0.9476
0.7780
0.5052
2.1039
1.0383
0.8597
1.6005
0.3964
1.4469
0.4353
0.1647
0.7115
3.0867
1.9810
2.4204
2.9245
1.0219
3.4042
0.2837
1.0059
1.2850
0.2179
0.6283
0.3050
0.7131
1.6425
1.2434
0.8121
1.1045
0.0000
1.3316
0.0481
1.4530
5.2769
5.9917
1.0949
0.1047
0.2683
1.1375
0.8773
0.4050
1.9498
1.0728
0.1608
2.0757
2.5251
2.9882
3.2158
2.3063
0.3191
1.6637
0.2987
1.7446
1.4235
0.5173
1.5127
2.6319
2.9157
1.1553
1.1949
1.4208
0.2903
7.2793
1.7074
2.0001
3.9859
0.1545
0.9811
0.1545
1.4724
0.7523
1.1172
0.4663
2.9018
2.9481
0.7938
1.6260
2.3148
0.9346
1.8589
1.8607
1.0092
0.0897
1.1582
0.0003
3.2679
0.0856
0.6655
1.9304
0.1703
0.2321
1.4426
1.1401
0.0713
0.9730
1.1317
0.4446
0.9379
0.2198
0.2781
1.9665
2.5438
0.4070
1.7681
1.9002
2.3819
0.4879
0.1149
1.0148
0.1000
2.4222
0.4208
5.0456
0.6199
2.4980
0.2159
1.0321
1.3497
0.0396
0.0073
4.7665
5.6686
1.5506
0.8407
1.0626
0.0960
1.4618
1.9712
0.6183
0.1212
0.7353
0.4626
0.0005
0.1130
0.4399
0.8490
4.8382
0.2289
0.0233
0.0908
0.9565
0.0000
0.8239
0.9674
0.1618
0.0031
1.4066
2.4628
1.3880
1.4674
1.1786
3.9497
1.4351
1.5655
2.2518
0.5032
1.9493
1.5944
0.3128
0.6153
1.5213
1.7012
1.1377
8.7989
1.0818
0.7310
1.6972
0.0000
0.0162
2.6242
0.7708
0.8523
0.8600
0.6899
0.6598
0.0846
4.7618
2.4818
0.5679
0.5896
4.2217
0.2296
1.7751
0.7690
1.9062
4.2734
1.4102
0.8247
1.2882
3.6339
0.8989
3.3881
1.2213
0.5089
2.0425
2.9128
0.0000
2.0318
1.8973
1.6701
0.9664
8.6913
0.1042
0.5828
1.7048
0.7453
0.5816
1.5745
0.4553
1.1268
0.6140
0.7738
0.4134
0.0944
1.8058
2.0536
0.2276
0.0147
2.4181
0.4876
1.2058
1.1023
0.5049
0.2183
1.2183
0.1896
1.0710
1.7522
6.2140
1.2616
0.7619
1.2429
2.0326
1.9357
0.0873
1.5835
0.1231
0.4227
2.4601
1.6014
0.5749
2.9977
3.6071
0.8914
0.4305
0.0165
0.4165
0.1948
0.9399
4.1811
3.5948
1.1231
0.3534
1.0252
0.6635
0.0000
1.5277
0.3957
0.1406
1.8405
0.0018
3.1932
3.1482
1.5827
0.1353
0.1452
0.1613
0.5176
2.0712
1.5096
4.2219
0.5403
0.3053
0.0532
1.5314
1.5234
0.2209
0.9373
1.9179
2.2934
2.5043
0.8569
0.6520
0.2910
0.8412
0.7537
1.5754
0.2518
0.3558
1.5222
0.9622
0.4848
0.2970
0.1394
0.2714
3.2900
2.3062
0.0008
2.1222
0.1514
5.0414
0.0395
0.3103
1.7440
3.9559
1.5604
2.5076
1.0999
0.0399
1.8463
0.9288
1.8878
1.0754
2.5390
2.5303
0.9291
0.0210
0.3967
0.0952
0.2755
0.3791
1.1779
0.3663
2.1203
1.1575
0.7074
1.0157
1.4717
1.4381
1.6463
0.0219
1.1191
0.3267
0.3861
3.2374
0.0356
2.8520
1.2749
2.7407
0.0600
0.0000
5.7765
1.7353
0.1556
0.9878
0.4559
2.2335
0.3089
0.2634
0.4241
0.9318
1.2059
3.2083
0.1830
0.0020
1.5223
0.2048
1.2249
1.5421
5.5701
2.3430
0.4614
1.7403
1.8496
3.3604
2.2268
0.3405
0.0617
1.9737
1.1631
1.0174
2.1729
0.1063
0.7240
0.6263
2.7297
1.1215
0.0560
0.3669
1.0434
0.9700
0.1034
0.4187
0.0148
0.7727
0.1546
4.5501
1.4996
0.9714
1.6104
0.2900
0.1657
5.3968
0.5595
0.2662
1.8557
0.5027
0.1109
0.6614
2.5657
2.7614
0.6877
0.7301
0.4101
1.8070
0.9028
2.7843
2.0884
0.1207
0.2138
0.0482
0.1361
2.0756
2.1679
0.1130
0.2850
2.9939
0.1662
0.4338
0.6991
0.8319
1.2449
2.5928
0.9478
0.0520
2.2277
0.2162
2.4009
0.2057
0.3337
0.9349
3.0010
0.2128
0.2985
0.5043
2.1901
0.4941
3.3495
0.2655
2.1527
0.8333
2.3313
2.5974
0.9280
4.0777
0.5705
1.1877
0.6383
3.3205
0.4518
0.3315
0.0079
0.2636
1.3693
1.1538
0.2564
0.4725
2.6941
2.6833
1.9462
0.0038
0.5527
0.4615
0.5785
0.0770
0.0002
0.4589
0.0908
2.8070
0.3424
0.0994
0.7309
0.7179
0.6251
0.0559
0.8037
0.0699
1.1855
2.0441
0.0000
0.8805
0.2670
1.7430
0.6789
0.3019
0.1027
2.6408
0.8473
1.4585
1.9927
0.1233
0.8821
0.0625
1.1277
0.2917
1.1665
1.0259
0.3588
0.6229
0.3586
1.1883
0.0206
2.0539
4.7465
0.0006
1.3079
0.9348
0.4631
1.2609
2.4941
3.6913
2.7812
2.2383
0.5115
2.9891
2.9222
0.2527
0.1038
0.0016
2.1167
1.2315
0.1776
1.5383
1.3736
0.0706
1.2675
0.1594
1.2507
14.8774
0.5935
0.6919
3.8890
1.3654
0.0475
2.3708
0.3572
1.5152
2.7263
4.3221
1.0068
0.6415
0.7864
3.6326
1.2003
0.6645
0.3616
0.0430
0.9915
0.0982
1.5972
0.2517
0.2095
0.6011
0.1102
0.1413
2.2612
0.1727
2.1569
0.0638
0.0094
1.2520
2.5433
1.1622
0.7693
0.9351
1.2108
0.3425
0.0658
0.2898
1.0410
0.2630
1.7381
0.6394
0.2037
1.1016
6.7478
1.3902
0.0170
0.5429
0.0315
2.2684
1.0474
0.1793
5.4703
1.7245
4.5300
0.0035
0.3977
0.5200
1.3529
3.6447
0.0172
1.8559
6.9242
10.8528
1.1236
4.8738
1.0152
0.4960
0.4576
0.1554
1.4305
3.4851
0.0913
0.5048
0.1930
0.9212
0.7515
0.4857
2.1257
0.0097
1.0304
0.8669
0.6030
0.6178
1.1855
4.0486
0.0000
0.2083
0.0307
3.8072
1.4625
2.0677
1.9902
1.7222
1.1711
4.7158
0.9122
3.1683
0.5362
1.1384
1.7662
4.7983
1.9722
1.3680
2.3810
1.7231
1.9496
0.9226
3.1524
1.9659
1.6181
0.4712
0.1200
1.0342
0.2092
1.0112
1.0062
1.3388
0.8831
0.1156
0.6934
2.1027
0.1958
1.3909
0.0957
0.0336
0.0660
1.7447
4.7005
1.1297
1.8252
3.1281
0.5781
0.2656
1.0677
0.0268
0.7238
1.1341
0.6929
1.2478
1.9145
5.5449
1.1147
0.6107
0.2130
2.0559
1.1311
0.3147
1.7216
2.0447
0.4852
0.0530
2.8438
0.0078
0.6358
1.1464
0.5089
1.5091
0.3723
3.8008
2.9259
1.8130
0.1239
0.4283
4.2665
3.5120
1.3351
0.1259
0.2985
0.8768
0.8225
3.0116
0.0700
2.7355
1.1642
0.1397
0.7381
3.3107
0.4641
0.9837
0.3834
2.5962
1.9663
0.7475
3.1950
0.9799
0.0001
1.5393
2.3646
0.6906
0.2327
1.0957
3.7981
0.4332
0.5049
4.4677
1.2931
2.1245
0.2837
0.6649
3.7074
0.0197
0.8430
0.3055
1.2863
0.2824
1.2413
0.6486
1.5705
0.9837
1.7011
0.0333
0.1964
0.6844
0.3554
3.8427
3.3033
0.9952
1.9738
0.1563
1.1192
2.3378
0.7534
0.0190
1.4991
2.0289
2.4920
0.0150
0.0242
0.4094
0.2349
3.2445
0.0334
0.3343
3.0420
1.8599
0.7707
1.0687
0.3963
1.6087
3.0312
0.8246
0.4899
0.3307
0.0426
1.3794
0.0418
0.7766
0.4417
3.5970
0.0116
0.6691
2.2207
0.5447
1.3442
0.3252
0.7122
1.1738
1.6893
0.3332
1.9818
4.0117
0.3674
0.8257
0.8067
0.3070
0.6404
0.3184
1.4070
0.4167
0.8692
1.0809
4.5129
0.0473
1.1593
1.2619
1.6678
0.0580
0.2440
2.2543
0.3782
0.1820
3.7708
1.4669
5.7784
3.9826
1.8527
0.1658
0.7172
2.1395
0.7016
0.0564
1.2589
3.9240
0.6134
0.4596
0.9467
1.0860
1.0073
1.7389
5.2555
2.8482
1.6129
1.8465
1.2214
0.0010
1.4499
2.8925
0.3830
0.2394
1.5398
3.0395
0.9443
4.7022
4.2147
2.7915
0.3871
1.5998
0.9465
0.5057
0.4671
0.1005
2.6372
0.8461
0.2632
0.5165
1.0681
2.7751
0.1512
0.0962
0.1914
2.0470
4.8414
1.2818
0.8582
3.4683
0.3604
0.6952
0.1914
1.9965
2.1993
0.1088
2.4484
2.2053
0.0278
1.7432
0.3274
1.7438
