0.3755
1.4337
0.6338
0.0434
0.2703
0.0367
0.1097
0.7269
0.7346
0.6763
0.8193
0.0367
0.1145
0.0003
1.6250
0.1618
0.3829
1.9705
0.4675
0.2641
0.6680
0.1553
0.9430
0.6098
0.7273
0.3069
0.7101
0.2636
1.9422
0.5520
0.3084
0.0358
1.7343
1.4009
0.0805
0.3995
0.7625
0.4230
0.2199
1.1859
0.2183
0.9970
0.4664
0.0000
0.6426
0.2499
1.0453
0.6600
0.3139
0.6735
0.2119
0.0975
0.3570
0.3164
0.8943
0.1298
0.6166
0.5092
0.3456
0.9311
1.1752
0.1346
0.1885
0.8424
0.3670
0.2449
0.6433
1.4741
0.1638
0.3305
0.0161
0.0527
0.1114
0.0262
0.5967
1.3390
0.1120
1.7481
0.3739
0.6724
1.3275
0.1025
0.2191
0.1606
0.2667
1.1479
0.0738
0.4239
0.6798
0.1453
0.0358
0.5043
0.8629
0.0394
0.1640
1.0433
0.3968
0.3893
0.3235
0.0412
1.0740
0.1678
0.8999
0.2456
1.1279
0.5873
0.3972
0.7162
0.5416
1.1712
0.1807
1.2430
0.2288
0.1346
0.6250
0.0746
0.3274
0.1052
0.3182
0.6999
0.5600
0.0913
1.3068
1.9183
0.0229
0.7124
0.2049
1.7903
0.6235
0.6977
0.4516
0.1716
0.7504
0.4032
0.0129
0.2564
0.0990
1.0310
0.1073
0.3403
2.5618
0.7249
0.1477
0.0995
0.0378
0.0337
0.0574
0.1828
2.0438
0.4694
0.2708
1.1048
0.1336
0.2491
0.5615
0.1600
0.2366
0.1796
0.1451
0.2217
0.0874
0.2328
0.2323
1.4160
0.1238
0.7105
0.0748
0.3513
0.1085
0.0541
0.6887
0.5383
0.9078
0.2712
0.2000
0.0808
1.2744
0.1938
0.0951
0.2762
0.0093
0.7146
0.0598
1.7642
2.8311
0.0286
0.3241
0.1378
0.3854
0.1869
0.5024
0.5735
0.3004
0.0322
0.1332
0.2833
0.1263
0.5243
0.4449
0.0280
0.3791
0.8047
0.5023
0.0771
0.5081
0.0435
0.0240
0.1161
0.2589
0.2461
0.2866
0.0843
0.0236
0.4447
0.8569
0.0159
0.0242
0.2976
0.0557
0.0004
0.1030
0.5277
0.2194
0.0622
0.2449
0.2264
0.6076
0.5317
0.0219
0.3254
0.3681
0.0231
0.0361
0.2786
0.4010
0.2520
0.0287
0.1051
0.0388
0.0384
0.4024
0.1260
0.1087
0.0636
0.6386
0.1180
1.1358
0.0610
0.9973
0.5965
1.6154
0.7000
1.5439
0.0991
0.4337
0.5654
0.1186
0.0590
0.7675
0.3078
0.0142
0.9665
0.8378
0.0313
0.2870
0.1091
0.1519
0.0317
0.2328
0.6488
0.1368
0.3037
0.0295
0.4191
0.1913
0.2214
0.7909
0.7950
0.4364
0.1778
0.1254
0.0556
0.0342
0.0920
0.6281
4.4052
0.1140
0.0481
0.0126
0.0286
0.2137
0.6151
0.8733
0.7412
0.0621
1.2343
0.0700
0.9170
0.3659
0.6246
0.1161
0.2995
0.2985
1.1193
0.0253
0.2582
0.5536
0.8096
0.0460
0.3612
0.0524
0.3660
0.3609
0.3853
0.0082
0.6668
0.7903
0.2397
0.3361
0.4652
0.5741
2.3055
0.0206
0.2685
0.0768
0.7506
1.2380
0.0002
0.0365
0.2103
0.0398
0.0246
0.7411
0.5171
1.5503
0.0046
0.2218
0.0596
0.3042
0.0876
0.0739
0.1345
0.0419
0.1786
0.1379
0.1646
0.1352
0.6348
0.3178
0.0404
0.3061
0.1611
0.3012
0.1050
0.3169
0.0020
0.6850
0.0088
0.3947
0.2373
0.0733
0.1100
0.1924
0.4861
0.3443
0.8980
1.2245
0.1265
0.7199
0.0826
0.2038
0.5672
0.8364
0.0842
0.3865
0.0616
0.8282
0.0259
1.1392
0.0001
0.2723
1.1945
0.2670
0.5563
1.1974
0.4161
0.1823
1.1812
0.8527
0.2578
0.3779
0.0251
1.2333
0.6396
0.4832
0.0491
0.0591
0.0479
0.1019
0.0873
0.1326
0.1419
0.1401
0.0096
0.9757
0.0409
0.0220
0.3170
0.0000
0.0919
0.6941
0.6009
0.5663
1.0025
0.3077
0.4900
1.9963
0.2182
0.1635
0.4522
0.7579
1.3873
0.0570
0.3105
0.2522
0.2299
0.0762
0.0525
1.0259
0.1970
0.1988
0.0627
1.0390
0.2735
0.2094
0.1508
0.3501
0.7055
0.0041
0.2389
0.7185
0.8379
0.8856
0.1451
0.0736
0.0563
0.2927
0.3019
0.1803
0.1179
0.4646
0.0035
3.2283
0.0728
0.2687
0.0978
0.9309
0.2135
0.2681
0.9620
0.0262
0.1100
0.2246
0.0154
0.1907
0.8214
0.2637
0.8018
0.0289
0.6332
0.2027
1.7118
1.5131
0.0604
0.2934
0.0349
1.0007
0.1640
0.0647
0.9296
0.3437
0.0774
0.6418
0.4508
0.9958
0.0001
0.7671
0.1608
0.3672
0.7936
0.7614
0.7290
0.1068
0.2071
0.0809
1.0863
0.2742
0.0035
0.4393
0.2183
0.3393
1.6141
0.0886
0.0243
0.7921
0.3731
0.9546
0.1688
0.6582
0.2825
0.4367
0.4627
0.4966
0.7421
0.1981
0.4734
0.0858
0.2064
0.0135
0.2860
0.0660
0.5295
0.0575
0.2411
0.5789
0.4163
0.4109
0.7111
0.3993
0.6260
0.1045
0.4037
0.7233
0.1840
0.6818
0.0104
0.5415
0.1133
0.1446
0.4736
0.1259
0.0726
0.6259
0.0704
0.3822
0.0979
1.1042
0.5935
0.2832
0.6181
0.4717
0.5392
0.0272
0.6510
0.2512
0.0543
0.6671
0.5396
0.9149
0.0631
0.2360
0.0326
0.0476
0.3898
0.2469
0.7503
0.2791
0.2299
0.1065
0.0109
0.3890
1.0679
0.6893
0.1695
0.0148
0.1055
0.0672
0.0253
0.1306
0.0494
0.5043
0.3085
0.3734
0.0136
0.3829
0.9395
0.0359
0.3174
0.0065
0.2820
0.1401
0.4337
1.0130
0.0345
1.4830
0.1060
0.0150
0.5755
1.0609
0.3636
0.1208
0.1902
0.8554
0.3446
0.0488
0.1349
2.8299
0.0668
0.5236
0.0786
0.0372
0.7574
0.2630
0.5774
0.1859
0.6163
0.3095
1.0756
0.0087
0.2258
0.1631
0.0694
0.1587
0.3607
1.5845
0.6707
0.2557
0.9250
0.2803
1.4827
0.0000
0.3500
0.3852
0.2625
1.2979
0.7858
0.2510
0.0062
0.3368
0.3617
0.0555
0.6250
0.8599
0.1152
0.3857
0.4687
0.1833
0.2449
1.0905
0.7494
0.0000
0.3104
1.8286
0.3607
0.0443
0.7071
0.4709
0.3065
0.5115
1.2517
0.0942
0.4069
0.0179
0.3598
1.2802
0.3021
0.0489
0.0924
0.6350
0.1065
0.0035
0.0223
0.7121
0.1451
0.2904
0.2664
0.2637
0.0818
0.3281
1.4821
0.2543
0.3309
0.9723
0.0305
0.2504
0.4124
0.0000
0.0246
0.0234
0.1178
0.0035
0.1521
0.8721
0.0281
0.0463
0.0225
0.0325
0.1849
0.2826
1.2045
0.0100
0.0550
0.2613
1.9479
0.2115
1.5895
0.2831
0.1639
0.9954
0.2891
0.9327
0.8453
0.7351
0.0996
1.2324
0.1955
0.2852
0.1869
0.1133
0.0525
0.1510
0.3740
1.2382
0.3380
1.0606
0.1590
0.5803
0.1079
0.3302
0.1247
0.0580
0.3994
0.2074
0.7762
0.2138
1.3629
0.1669
0.6238
0.2708
0.1733
0.0944
0.0842
0.0815
0.6411
0.0216
0.2545
0.2526
0.1615
0.2963
1.0676
0.0875
0.1547
0.0528
0.3477
0.2562
0.9041
0.0984
0.2161
0.5519
0.7031
0.6328
0.1009
0.1460
0.0121
0.1421
0.1647
0.2223
0.1628
0.4717
0.0826
0.3505
0.1322
0.9748
0.2299
0.9437
0.0005
0.3503
0.4341
1.2369
0.0056
0.3644
0.1254
0.2854
0.3480
0.7506
0.9859
0.1982
0.5795
0.5775
0.0947
0.3481
0.2078
0.1719
1.9721
0.9190
0.2929
0.0111
0.5292
0.1620
0.3086
0.2081
0.0656
0.2031
0.7818
0.1065
0.3066
0.2570
0.0439
0.9224
0.4751
0.1028
0.0108
0.1807
1.9252
0.8812
0.7735
0.2866
0.3482
0.3809
0.0444
0.7946
0.1510
0.1308
0.9923
0.3769
0.0005
0.0452
0.7097
0.5191
0.0089
0.9890
0.3445
0.0675
0.3737
0.1085
0.0263
0.0165
0.0711
1.0822
0.1804
0.0945
0.3651
0.1772
0.6054
0.0461
0.6129
0.3281
0.3135
0.3100
0.1867
0.1465
0.0250
0.7973
0.0989
0.1908
0.4083
0.6928
0.0087
0.1090
0.5714
0.6038
0.1096
0.2094
0.1648
0.9809
0.3469
0.1756
0.0767
0.0517
0.0171
1.0002
0.3528
0.0001
0.3959
0.0401
0.9888
0.1936
0.0655
0.2019
0.5948
0.4744
0.0419
0.5268
0.0000
0.9725
0.0690
0.1039
0.3309
0.4298
0.4387
0.1071
0.4207
0.2557
0.4240
0.0841
0.3265
0.3090
0.2352
0.0511
0.3210
0.2944
0.2481
0.0159
0.0278
0.1908
0.6222
0.1781
0.0459
0.0626
0.0715
0.4537
0.3916
0.1156
0.4284
0.6215
0.0998
0.3610
0.0714
0.0069
0.4417
0.2853
0.1951
0.2800
0.6891
0.3254
1.0743
0.0001
0.0317
0.0116
0.6959
0.6502
0.2443
0.5111
0.1376
0.0671
0.0938
0.1118
0.0052
0.4467
0.0000
0.9525
0.1548
0.1258
0.0609
0.4546
0.4575
0.6961
0.3677
0.5068
0.0341
0.0081
0.7771
0.0806
1.1632
0.5630
0.2379
0.3735
0.3535
1.9045
0.3458
0.2185
0.1493
0.8730
0.9738
0.1974
0.0397
0.9529
0.2259
0.6790
0.5268
0.1925
0.3360
0.2477
0.1756
0.0957
0.4294
0.7312
0.3026
0.5576
0.1137
0.1718
0.8194
0.1548
0.0241
0.1962
0.0324
0.2031
0.0501
0.2104
0.0375
0.2114
0.3820
0.2474
0.1966
1.4045
0.0125
0.1960
0.2516
0.6369
0.0025
