1.6342
19.9999
9.3755
3.1679
19.1550
1.1461
2.1217
0.5251
1.2371
10.1182
0.0996
2.3968
1.5587
3.1558
0.0016
0.1237
1.0243
1.3469
2.0420
0.7335
0.3534
1.0374
1.7415
0.5419
1.0605
1.1827
4.4984
0.6444
1.1785
1.0199
0.1700
0.4648
0.4707
0.6928
0.3821
0.5517
1.9244
0.9813
1.8951
1.4028
1.7534
0.0004
1.9353
0.1023
3.9473
0.6936
10.7457
3.4665
0.1934
1.0913
0.3282
0.5636
0.5501
0.1689
1.2885
2.2503
0.5140
0.7131
2.0640
0.7221
1.1883
2.2323
0.8286
3.2033
3.6860
0.6731
0.9473
1.3865
2.0859
0.7948
1.2661
0.1025
0.1792
0.0052
1.0495
0.4066
0.2171
0.6764
1.5639
2.4419
0.6754
1.3094
2.8892
0.5305
0.0017
1.2199
1.5422
0.4467
1.2409
0.6361
0.2734
2.0451
4.0824
0.6481
1.3094
1.6678
2.1675
2.9255
1.5538
2.0956
0.0121
0.9835
2.2493
0.4570
1.1069
1.1652
1.6226
0.6652
2.3356
0.1882
0.6992
0.2115
1.5743
4.0834
2.5355
3.4060
0.9467
0.1198
0.5067
1.3386
1.4573
0.8849
1.8913
3.0310
3.4511
0.9625
0.2184
1.2962
2.6276
0.0707
2.2765
1.4598
2.2784
4.8899
1.3269
2.8641
2.1195
2.3333
0.4407
0.9211
0.2302
0.2394
3.2105
1.4717
2.2362
1.9270
1.6960
0.0411
1.0012
0.7203
2.0679
5.3848
0.1125
0.0176
2.5201
0.0696
1.3620
2.3202
3.0508
0.2279
4.4164
2.4746
8.3864
0.0000
0.3651
2.0293
2.2568
1.5732
0.8925
2.1868
0.3769
0.8402
0.1877
0.2206
0.1356
0.1850
1.5988
0.0047
0.4246
1.2763
0.0951
0.9808
0.0241
0.7047
1.1291
0.5206
0.5340
2.8719
1.6287
1.4386
1.1368
1.8237
0.0237
4.8283
1.9669
1.4976
1.5306
3.5986
5.9934
0.7192
2.5744
1.0309
2.0671
1.4547
1.0149
1.5639
0.1630
1.2961
1.8320
4.2571
4.4004
0.8186
0.6048
0.4397
0.0209
0.2138
2.1593
0.0389
0.5760
6.8904
0.3255
1.4963
1.9515
0.2363
4.6868
0.1983
5.6027
0.1560
1.0544
3.2647
0.0085
1.3619
2.3473
1.4589
1.4824
1.9917
0.2269
0.2411
1.1772
1.0850
1.9473
1.5507
0.0000
1.5734
0.3555
0.9398
0.6448
1.9720
6.5829
7.6287
7.0036
0.0000
0.0001
2.6326
0.9051
0.1314
9.8764
2.1510
0.0305
0.4826
5.9628
0.3695
2.5573
0.8822
2.9860
0.0000
0.4752
2.9419
1.4865
1.6655
0.5789
0.2138
0.3189
0.9388
0.8768
0.5686
1.7208
1.9227
4.4505
1.0939
1.0085
0.4150
0.5951
1.2011
1.9009
0.3220
0.5666
0.3055
0.9646
0.3590
4.6266
0.4243
0.1289
0.0749
0.1168
0.5458
0.1827
2.7821
1.8434
0.9549
0.0472
0.7044
2.8704
1.4712
1.1883
0.0963
1.2976
1.8082
0.1055
0.0070
0.4477
0.1545
0.8022
0.5727
0.6822
0.5797
1.4926
0.2400
0.6445
0.5012
0.7577
0.5736
1.2392
2.0490
13.1648
1.1211
0.2825
1.4664
0.5390
0.3069
0.0091
4.7539
0.0584
0.3068
2.5706
2.6199
1.4793
0.6581
0.5002
4.3762
1.0895
0.0958
0.2923
0.0816
0.4327
1.3814
0.1885
0.4864
0.1226
3.2585
0.0704
0.6339
5.0916
0.5428
0.2057
0.4765
4.2580
2.0048
2.6300
0.4627
0.0537
0.5651
0.1622
0.0669
0.1459
3.1756
0.1552
1.1368
1.2410
1.3021
1.0684
0.6268
1.7157
4.2702
1.3369
0.8626
1.7209
6.2646
2.9024
1.1781
2.3756
0.1295
0.3538
0.3180
2.0931
1.1372
0.3595
2.0962
0.3428
1.1055
0.8527
1.9314
0.8575
0.2932
0.1597
0.7567
0.8934
0.0063
1.2069
1.2731
0.0049
0.4532
0.3598
2.0499
2.2353
0.3412
0.5369
0.8818
1.5816
1.0961
1.5403
0.6761
1.9567
3.7004
3.5167
0.1350
0.6595
1.0043
0.2202
0.1576
0.4411
0.4729
0.0000
1.7207
1.6231
3.2372
0.0035
0.9541
1.7085
0.6741
2.4697
2.5463
0.4662
2.3453
1.4201
0.5309
0.8513
2.4337
0.6484
1.3296
3.0057
0.1294
0.6569
0.9806
0.1089
1.0524
0.9204
3.4082
0.2885
3.8747
0.0580
1.4979
3.4487
2.5288
2.9319
1.2392
0.1147
1.9051
0.3391
3.3039
0.9757
1.0338
3.9228
1.0529
0.2458
0.0849
0.0930
0.4064
0.3080
0.7724
0.1892
0.4457
0.2238
1.8465
0.2061
2.1226
0.5857
4.7995
2.2166
4.7081
0.2523
0.1024
1.5404
3.7196
1.0985
0.5907
2.6202
4.5322
0.9933
0.1231
0.0000
0.0056
1.3877
2.4389
0.0000
0.2467
1.1123
0.4719
1.7078
1.5912
0.4348
0.0772
0.3073
0.5491
0.5844
0.0708
0.6892
4.6794
1.3754
0.5093
1.6412
1.0351
4.1612
3.6122
0.3586
0.0093
0.1449
0.5686
0.9098
0.2010
0.1647
1.7130
0.2500
0.0343
0.0855
0.2197
2.4146
4.1372
1.2825
1.3835
0.3450
1.0311
0.5916
0.6695
1.5782
0.2131
0.7538
0.2623
0.7673
0.0282
0.5491
0.6132
1.2397
0.1976
0.6773
2.1953
0.1729
0.6218
3.4859
1.7823
0.0022
0.0280
5.4497
0.5327
0.5538
0.3448
1.8270
0.3430
4.4364
0.0545
1.8661
0.2225
1.5503
0.0962
2.7625
0.6016
0.4834
0.2847
0.3207
5.4846
0.8287
2.3175
0.2312
2.5632
1.6700
0.6942
1.3920
0.6262
0.2037
3.0779
1.4628
0.8071
1.5788
3.0605
4.4429
1.4453
1.2006
0.0421
0.8466
4.6249
0.7311
0.1064
0.9587
1.3683
0.0335
0.5098
1.1767
1.5329
0.0565
2.3409
1.8584
0.1958
1.6166
6.6282
0.6064
0.8262
3.3431
1.5334
2.0199
2.3117
0.4170
2.4928
0.6588
0.3399
0.9512
0.6722
0.4844
1.4558
0.0000
1.1943
1.0945
3.1851
0.6866
1.4806
0.5966
0.9486
1.5860
2.1295
0.0738
0.2931
1.1686
0.3004
0.1805
1.1034
0.9207
1.7587
1.7280
3.9603
0.7917
0.8448
0.4300
0.5576
4.1304
0.0001
0.6612
0.6855
0.6975
0.6859
1.1495
1.8388
0.4487
0.0190
0.7366
1.9466
3.4751
0.4373
1.5599
4.2683
1.4134
1.7711
0.4278
0.0399
0.6388
3.9308
1.0455
2.1082
0.6290
0.0797
3.3843
0.2400
0.9416
1.5952
3.8107
1.2319
0.5362
2.8449
1.9587
0.6230
0.4249
0.9328
0.8044
0.2537
1.1681
6.0039
1.6182
3.4314
1.1017
1.8054
0.2637
1.2171
0.6262
2.6002
0.4505
0.0891
0.2120
1.5712
0.0004
0.6118
2.1426
0.2054
0.0750
0.9131
0.7984
0.2792
2.5411
4.3875
0.1129
0.5917
1.5717
1.4819
0.2992
0.5395
2.9945
0.3617
0.1160
0.1597
1.1455
0.3024
2.0982
0.4580
0.3525
0.1256
0.0043
1.2705
3.7712
0.6042
0.2661
2.8016
0.0085
0.5579
0.0043
2.3930
3.3552
1.7781
0.7368
0.0343
0.8363
3.2833
1.1510
0.3219
1.0755
1.3290
0.3963
0.4386
0.6039
2.2587
0.1994
2.9845
2.8114
1.2037
0.8925
0.0029
0.2380
0.3171
0.5987
3.8388
0.8206
0.4143
0.0938
1.0537
0.6521
0.6725
0.1574
0.7889
0.8841
0.1138
1.2850
3.7715
1.6077
1.4961
0.6780
0.2643
0.1799
0.6279
2.5720
0.0474
0.6622
0.4354
0.2624
0.3881
3.3286
0.7072
1.4135
0.9458
2.6840
1.7103
0.8983
0.0343
0.6240
5.4278
0.0120
0.7296
1.5736
9.8473
0.0905
1.6866
0.5100
0.3929
0.3592
1.3620
0.3641
2.3747
0.4522
0.9070
3.5326
2.1582
1.2262
0.9200
0.0497
3.1811
0.0000
1.6715
0.1760
0.2447
0.7035
0.4384
0.0372
1.3800
0.7952
1.0764
3.0516
1.6104
0.6606
0.1348
1.1815
0.3609
2.8638
4.2072
1.3218
4.6287
3.7267
0.0053
0.1439
0.7598
0.1182
2.8555
2.2314
0.9632
0.3043
1.2849
0.0391
2.2579
0.0349
0.5355
0.4875
0.1286
3.1153
1.6919
1.0420
0.9824
1.1500
3.4863
0.0018
3.2445
0.3629
0.1606
0.3332
1.6092
0.1228
0.0556
0.0991
2.5553
0.4250
2.5956
2.7711
0.3325
0.6231
0.8593
2.1893
0.0452
1.0907
0.7128
0.1073
1.0903
1.6168
0.4179
2.9068
0.4270
0.2479
0.4711
0.6694
0.9347
0.1146
1.1131
2.3804
1.5320
0.0018
0.4137
0.1404
0.3749
0.3104
1.4923
1.0631
1.2055
6.9354
0.0571
3.0446
3.0638
1.3920
0.9632
3.7803
0.0051
3.3518
0.0623
0.9092
0.3916
1.2674
4.4524
3.5688
1.3245
1.4083
0.4024
1.5187
0.6040
0.3525
0.4298
0.1172
0.6618
6.6262
0.3381
0.4324
0.7789
0.9791
2.0662
2.6527
1.2421
0.1701
3.0927
0.4381
0.4453
0.5816
0.0016
3.6576
3.0395
0.0000
1.2630
1.3275
3.1680
0.5246
4.7009
0.8008
1.7940
4.6713
2.1646
3.1707
1.9021
0.8016
0.5526
0.9949
1.9652
2.0123
0.3022
0.8698
0.0654
1.2320
1.2569
1.1339
0.1741
0.0078
0.8669
0.4908
1.4281
0.0071
0.6081
3.4566
0.7568
0.0598
1.2500
1.5311
0.7148
0.5369
0.6891
0.7465
0.0452
0.9857
3.2304
0.4635
4.3463
0.3745
0.8259
4.9288
3.3918
3.7298
0.9713
0.0020
1.4025
0.9140
0.9614
0.0173
0.1795
2.6319
1.9134
0.2666
0.0341
3.9099
1.2434
0.9332
1.3790
0.2252
1.2074
