10.7263
2.6802
4.4673
0.6977
2.1224
0.8161
0.7513
0.0474
0.4186
0.3784
1.1537
0.8254
0.1907
0.1548
0.1052
0.3398
1.0351
0.3642
0.9419
2.6209
1.4744
0.4500
0.7365
0.0460
0.9945
0.3735
0.1132
1.7277
0.1021
0.4770
0.1979
2.2370
0.5792
1.0590
0.5758
1.1659
0.5461
1.3007
0.0064
0.2064
0.4614
0.3267
0.0432
0.4980
0.3253
2.1303
1.9355
0.7527
0.5782
0.1976
0.0019
0.3960
1.0219
0.7964
0.4049
0.1898
0.6913
1.3613
1.0869
1.0694
0.3907
1.0954
2.1248
0.5594
1.8878
0.0073
1.2320
0.3688
0.7141
0.3767
0.0317
0.0979
0.6240
0.1622
0.7025
0.3904
0.5936
0.3044
0.8041
0.0314
1.7957
1.7150
1.1019
0.4950
1.5642
0.3061
0.9885
0.0653
0.7483
0.4694
0.1021
0.2499
0.2322
0.3726
0.0003
0.1101
0.8507
3.0007
0.7757
0.0682
2.7666
0.0422
0.0244
0.9436
3.6716
0.0553
0.2726
0.2097
0.6648
0.7911
1.3641
0.0911
0.3239
0.2727
0.0081
0.4879
0.1251
0.3787
0.1967
0.4282
0.5691
0.0205
0.0052
0.7974
0.1669
0.0159
0.7941
0.4759
0.2926
0.4913
0.0512
1.5123
1.5464
1.9071
0.6626
0.7015
0.8760
0.1125
0.1451
0.0161
0.6079
0.4891
0.8117
1.2253
0.4781
0.2537
0.3191
0.3413
0.2681
0.7415
0.7567
0.3172
0.9088
3.7547
1.1821
0.2476
0.2475
1.0785
1.4460
0.1126
0.0252
0.5164
0.2115
0.6930
1.2769
0.5925
1.6588
1.9189
0.3995
3.4454
0.3047
1.3984
1.9971
1.3823
2.4881
0.3964
0.1444
0.9387
0.0403
0.4737
0.8353
0.6292
0.0945
0.0777
0.5034
0.3859
0.2273
0.5256
0.6382
0.1566
0.7742
2.8464
0.9633
0.7862
0.6668
0.2643
0.4286
0.0085
0.7794
0.2075
1.9512
1.1088
0.7124
1.3341
0.5225
0.3181
0.1528
0.0606
0.0841
0.0915
0.5835
1.0313
0.4714
1.2034
1.6035
0.2427
0.2029
0.6072
0.5034
0.0334
0.6859
1.1796
0.2815
0.2538
0.0316
0.1487
0.0661
0.6430
0.2511
0.1521
0.4430
0.2420
0.0342
0.7274
0.6317
1.0541
0.1355
0.2203
0.0000
0.2657
0.0717
1.0836
1.4422
1.4926
0.0255
0.0883
0.0865
0.7877
0.5147
0.3263
0.6723
0.1294
0.6398
0.6014
0.0102
1.0467
0.2077
0.2250
0.4028
0.1111
0.9279
0.6985
0.5662
0.9256
3.1557
0.7253
0.5069
0.1203
0.0658
1.1074
0.0000
0.4183
1.1781
1.3987
0.2846
0.2532
0.9962
1.0910
0.2157
0.3098
0.7599
0.0661
0.1839
0.6563
0.5709
0.6577
2.6245
0.2248
2.2276
0.5290
1.5251
0.9709
0.1689
0.0987
0.0575
1.3313
0.9928
0.1182
0.2087
0.2064
0.1194
0.1517
0.6092
0.7891
0.3761
0.1252
0.0888
0.0909
1.0351
0.1091
0.6506
0.3864
1.6235
0.3819
0.6428
0.2110
0.3372
0.0733
0.3116
0.1718
0.9101
0.7528
0.3518
0.1268
0.5030
0.8290
0.3456
0.0757
0.0988
1.5275
0.0371
0.7691
1.2249
0.1974
0.1489
0.1651
0.7632
0.9049
0.9907
0.6557
0.6828
0.4304
0.8261
1.7903
0.9196
1.9604
0.0541
0.8332
0.2517
1.3271
0.5306
1.1370
1.2317
0.5875
2.2314
0.6575
1.6943
0.3189
0.0959
0.0359
0.0000
0.4048
1.9907
0.0381
0.6702
0.4067
0.1060
0.8560
0.2620
0.4065
1.3668
1.4895
0.0852
1.0683
1.1903
0.0876
0.8736
2.0521
1.8019
0.2253
0.4328
0.5647
1.9525
0.2677
1.6316
0.0740
0.3052
0.5462
0.0222
0.1723
0.6086
0.3316
0.6102
0.0619
0.2468
0.8840
0.1167
0.4527
0.3613
0.2492
0.0655
0.3758
0.0232
0.0257
0.9026
1.4340
0.7037
0.1075
0.9162
0.0197
0.5073
1.3451
0.9860
0.1357
2.0920
0.2623
0.2315
0.0176
0.2604
0.1212
6.0845
0.1690
0.0027
0.5612
0.2623
0.7409
0.3823
0.3283
1.4470
0.7079
0.6190
0.4603
1.1489
0.0609
1.5765
0.0060
0.6826
0.6145
0.3588
0.2337
1.6390
0.1630
2.6228
0.1600
0.7574
1.0149
0.2213
0.4542
0.5877
0.2735
1.0755
0.2009
0.0115
0.4024
0.4428
0.2172
0.2701
0.3705
0.0342
0.8344
0.2358
0.3955
0.2721
0.8235
0.8346
0.0875
0.0592
0.2146
0.7037
3.0086
1.9007
0.1018
2.6450
0.0067
0.3502
0.3530
1.3415
0.1005
0.2963
1.1552
0.1132
0.0687
1.2607
0.2776
0.0469
0.6229
1.6420
0.8029
3.3904
1.5517
0.5194
1.1683
0.5603
0.9362
0.1408
0.2403
1.1353
0.5897
0.7381
0.1724
1.0491
0.1284
0.0969
0.7559
0.1841
0.5429
2.2550
0.4524
1.9274
0.0005
0.5093
2.2916
0.7788
0.5606
1.6462
0.7639
2.1705
1.5357
0.6471
1.3140
0.4925
1.5060
0.1935
0.5217
1.4410
0.2888
0.6624
1.5922
0.3908
0.7720
0.8059
0.0095
2.4853
0.1324
1.2680
0.5592
0.6826
0.1062
0.1054
0.4947
0.3689
0.7891
4.4627
0.8479
3.7633
0.0717
0.2334
1.8369
0.1374
0.1906
1.4342
3.5874
0.8910
0.6197
0.0056
1.3104
0.2218
0.2616
0.2865
0.5080
0.8850
0.9331
0.1637
1.2258
0.1005
0.5844
0.2708
0.8150
0.0081
0.0927
0.0826
0.3059
0.0391
0.5030
0.5106
0.4367
1.3049
0.5404
0.3947
0.3298
0.0305
0.5809
0.7909
1.2655
0.2403
0.1397
0.5679
0.2041
0.0497
0.2235
1.1837
0.1679
0.7165
1.0385
0.1240
0.0856
0.2983
0.5827
0.1915
0.7780
2.6381
0.4500
0.5536
0.1357
1.5499
0.0421
0.0471
0.6677
0.8300
0.0955
1.0236
0.0180
0.1519
1.0652
0.4370
0.1594
0.4499
0.1326
0.1069
2.1367
0.2085
0.3076
0.8987
0.7755
0.8950
0.2215
0.4725
0.9192
0.3446
0.8764
0.2133
1.0644
1.4338
0.4804
0.0384
0.3057
0.7819
0.5675
0.9585
0.7206
0.2469
2.4349
0.1094
0.1277
0.0273
1.6725
0.5678
0.4970
0.0040
0.2575
0.0347
0.1520
0.5573
0.3244
0.0758
0.7524
2.6990
0.2784
0.8244
0.9028
0.3020
1.6018
1.8409
0.1336
0.0564
1.3152
0.3744
0.4328
0.0765
1.2734
0.3866
0.1812
0.3660
1.5429
0.1936
0.8586
0.0707
0.4001
0.3753
0.1316
0.1797
0.7015
0.3309
0.1800
0.2781
0.1819
0.4832
1.5074
0.3634
0.1346
0.8559
0.8234
0.4412
0.7016
0.9591
0.2950
0.3056
0.3337
0.3400
0.0092
0.4323
0.1568
0.1645
0.4151
1.0425
0.4365
0.7248
3.4011
0.2804
0.0989
0.0675
0.5922
2.2693
0.7420
0.7081
0.8025
0.2375
0.2453
0.0139
0.1329
0.0351
0.4054
0.1069
0.6353
1.3704
1.5175
2.0812
0.1713
0.8917
1.3577
0.4530
1.3459
0.5142
0.6759
0.3658
0.5427
1.7527
0.8424
0.2720
0.0440
0.1490
0.0228
0.2342
0.2894
0.0373
0.2132
0.3696
0.3375
0.4289
0.0489
0.2187
0.0668
0.7807
0.4311
0.1837
0.5568
0.2960
0.0205
0.5768
1.0507
2.4259
2.4769
0.3283
0.0648
0.1480
0.0648
0.0886
1.2342
0.4867
1.4140
1.1829
0.6785
0.8115
0.5060
0.0640
0.1080
0.0706
0.9630
0.3465
1.9346
0.9282
0.2939
1.2930
1.4728
0.4474
0.6248
1.3964
0.4233
0.4339
2.8834
0.0969
0.0936
1.1699
0.6835
0.4103
0.1874
0.4538
0.0683
2.3183
1.9025
0.4392
1.2577
2.3023
0.0208
0.6545
0.4366
0.2309
0.0144
0.6038
0.1744
0.8516
0.9691
0.8524
1.8800
1.3996
1.8361
1.3945
0.6330
0.2781
0.0461
2.1787
0.5024
0.4566
0.3737
0.0126
1.9454
0.2901
0.9248
0.1294
0.5205
0.3606
0.2090
0.4009
0.0804
1.5669
0.0565
0.4239
0.8554
0.4132
0.2034
0.1629
0.3601
0.1266
0.6127
0.0620
0.0375
0.2576
1.2531
0.7488
0.7805
1.3800
0.5329
1.1972
0.9166
0.0300
0.1437
1.0186
0.1988
1.5740
1.6567
1.1510
0.1776
0.3879
0.2882
0.1883
0.0486
0.6438
0.4826
0.8763
0.2216
1.2289
0.4957
3.2768
0.7558
1.9220
2.2511
0.9347
0.5755
0.1407
1.1842
0.3871
0.6201
1.6716
1.4129
0.3170
0.6328
2.5500
0.2236
1.9923
1.7141
0.8028
1.1019
0.6903
0.7759
0.4069
0.0092
0.4187
0.9992
0.3373
0.1053
0.3850
0.1213
0.0114
1.4005
0.9326
0.9638
0.3335
0.2334
0.0274
0.6924
1.7941
1.1063
2.2602
0.6141
0.7477
0.3156
0.5812
0.1260
0.0906
1.2008
0.5776
0.0149
1.1206
0.8659
1.3723
1.3090
0.0283
0.6344
0.1209
0.2469
2.8915
0.8716
0.3121
0.4611
1.1280
0.4421
0.6132
0.2941
0.2574
0.4346
0.6130
0.0282
0.2989
0.8733
0.1078
1.7013
0.3762
0.6950
1.0388
0.1769
0.0787
0.1285
0.1116
0.0748
2.2252
0.4443
0.1870
0.0190
1.1218
0.8860
1.1768
1.9259
0.1471
0.5673
0.4042
0.6976
1.8696
1.4946
0.2516
0.0182
0.3346
0.6634
1.5156
0.0506
0.3223
0.0540
0.6863
0.1282
1.6927
0.6836
0.2098
0.2455
1.6971
0.1448
0.9010
0.6424
0.1470
0.8348
0.0551
1.7783
0.1455
0.1252
0.9581
0.3505
0.0476
0.1740
0.1899
0.6814
0.1346
0.2702
