5.3227
0.1691
5.2528
1.9095
5.4988
1.5754
0.1624
1.3971
0.4909
0.4632
4.2613
0.0009
0.6993
2.1701
0.6463
0.5600
1.1646
0.3967
0.1198
0.8606
1.3688
0.6705
0.0004
0.6282
1.8552
0.7459
0.3901
0.0891
0.5438
0.5057
1.9965
0.1661
1.6073
1.0582
0.2452
1.6035
2.2709
0.0172
0.4843
0.1091
0.0626
0.8560
0.7960
0.2105
0.9013
1.9062
2.3509
0.2854
0.1631
4.7348
0.5439
2.4839
1.2887
1.3889
0.4238
0.6454
0.0885
0.1424
0.4622
1.5250
0.4411
1.3649
0.7676
0.5785
0.8873
0.9440
0.0148
1.2171
0.5637
0.4247
0.3156
0.0459
0.6810
0.2382
0.0889
3.4239
0.1833
0.0291
2.2143
0.1823
1.8180
0.1448
0.3194
0.0179
1.5337
0.6369
0.2611
0.5699
0.0001
0.3617
0.6225
0.1707
0.1491
0.0701
0.7062
2.5344
0.2605
1.5863
0.6932
0.1080
0.0573
0.2566
0.0002
0.2767
0.8783
0.2434
1.7313
0.0978
0.7439
0.4039
0.1117
0.5078
0.6141
1.6242
0.9889
0.0020
0.0251
0.0389
0.1123
0.5470
0.0321
0.3372
0.3789
0.1963
0.3025
0.4161
0.4906
0.2767
1.0317
0.1068
0.2791
0.5782
0.1026
0.1679
0.6471
1.9106
2.3993
1.1119
0.7434
0.0709
0.5426
0.6894
0.2066
1.3876
0.6674
0.3448
0.1553
1.1679
0.3542
0.5377
0.0049
0.1410
0.3604
1.0737
0.4977
0.5678
0.0077
0.2125
0.0453
1.1095
0.3382
1.5104
0.1720
0.5536
0.3476
0.3175
0.2467
0.0737
0.5120
0.3846
0.6836
0.6461
0.9191
1.4149
0.1611
1.5425
2.2414
1.6670
0.4040
0.3190
0.0348
0.2621
1.9506
1.9750
1.4680
0.4396
1.0470
0.2968
0.0241
0.2674
1.9470
0.6505
1.4696
0.5445
1.4303
0.5895
1.6148
1.8886
0.0081
0.2695
0.0453
2.4686
0.3650
0.1269
0.8868
0.1643
0.5034
0.5938
0.4441
0.0070
0.1806
0.7912
3.0110
0.4413
0.0385
0.0243
1.1579
0.0308
5.7817
0.0207
1.5321
0.5632
0.0104
0.3139
0.6259
0.0709
0.0520
0.0177
1.2514
0.8497
1.6608
1.3789
0.7795
0.9817
1.4970
0.1340
0.0387
0.1735
0.5657
0.6604
0.0382
0.3211
0.4141
0.3412
0.9445
1.1232
0.2967
1.3977
0.2062
0.5588
0.6033
2.1513
0.3048
1.5349
1.7142
0.0716
0.5333
0.0000
0.0041
0.5852
0.2443
0.4230
0.3491
0.0023
0.5964
0.0148
0.1022
0.0894
0.0301
1.0844
0.1463
0.3760
0.0800
0.5721
0.3607
0.2182
0.4721
0.1843
0.1305
0.0946
0.1825
0.8958
0.0762
0.5395
0.1214
0.0944
0.2298
0.3748
0.3599
2.6105
0.3093
0.0710
3.4073
0.0099
1.3023
1.7637
1.0279
0.3611
0.3989
0.0295
0.2409
0.1327
0.9736
1.3329
0.0115
0.2499
0.4492
0.3085
0.6295
0.8759
1.2949
1.1104
0.0827
0.5808
0.0479
1.5065
2.1992
0.8038
0.6033
1.2467
1.3329
0.2981
2.1462
0.3441
0.9473
0.0271
0.0010
0.5732
0.2886
0.1890
0.7926
0.2049
0.1268
0.1800
0.2947
4.0956
1.3610
0.4748
0.0702
1.1717
1.1048
0.7066
0.2788
2.4900
0.1724
0.1474
0.7792
0.1513
0.3059
0.0529
0.0892
0.0643
0.0471
0.0001
0.7304
0.7949
0.0000
0.0139
0.3261
0.0575
0.5265
0.0041
1.6590
0.0116
0.6481
0.8710
0.4706
0.0884
0.1037
0.2811
0.0171
0.0209
0.7753
0.2627
0.5439
0.1454
0.9967
0.1082
0.0014
0.0684
0.2953
3.0196
3.3423
0.3667
0.1607
0.5999
0.2575
0.2488
0.7843
0.0629
0.1233
0.2478
1.2240
0.9356
0.1736
1.0858
0.4000
0.0057
0.4554
0.0913
2.4261
0.2298
0.4643
0.3838
0.1531
0.4115
0.5252
0.6542
0.2198
0.1556
0.4181
0.0260
0.2459
0.4670
0.0008
0.1061
0.1073
1.7193
0.4752
0.4670
0.3048
2.3061
0.3042
0.0139
0.6228
0.2425
0.9220
1.1540
1.0777
0.4531
0.6785
1.3441
0.5463
0.1035
0.0476
0.6598
0.5823
0.1174
0.0075
0.4746
0.1200
0.1485
0.2090
0.1197
1.1843
0.0184
0.2623
0.1235
0.0734
0.0254
0.0079
0.3818
1.6567
1.0157
0.0865
0.8263
0.5944
0.6446
0.6053
0.4058
0.8701
0.1457
1.5274
0.1091
0.0189
0.0694
0.0597
1.9722
0.2090
0.2282
0.0369
1.0860
1.1216
0.0358
0.0685
0.0380
1.3835
0.1871
0.6973
0.2817
0.3315
0.0069
0.2085
0.1340
0.8616
0.4558
0.3593
0.6043
0.7252
0.3205
0.0528
0.0391
0.2479
0.5361
0.0310
0.7462
0.4991
0.0222
0.2415
0.2586
0.7004
0.2457
1.0081
0.0065
0.1725
0.0416
1.2915
0.0000
0.5220
0.6620
0.6126
1.6211
0.0937
1.1034
0.0774
0.0794
0.1548
0.1837
0.4529
0.4347
0.0000
0.2151
0.2613
1.3861
0.0449
0.6416
0.5687
0.8356
0.8935
1.3513
0.5180
1.3004
0.3165
0.1674
0.4651
0.3002
3.1516
0.4297
0.1147
0.6017
0.2887
1.0596
0.1914
0.1844
0.1383
0.0565
0.0342
0.4957
0.4335
0.0816
0.2615
0.3883
0.2013
0.4860
0.7597
0.0538
1.4164
0.5266
2.2554
0.4172
0.5850
1.3119
0.1698
0.1257
0.1063
2.5794
0.8120
0.1432
0.0168
0.1628
0.0279
0.1516
1.7706
0.0097
0.4728
0.0077
0.4800
0.0457
0.0694
0.0000
0.1941
1.5485
0.0419
1.9697
0.0616
0.5541
0.6352
0.1879
0.0510
0.9474
0.1090
0.0229
0.4382
0.1661
0.3600
0.2128
0.0723
0.2733
0.6375
1.6866
1.3793
0.2884
0.4759
0.2050
0.2164
0.0697
0.3097
1.2143
0.1007
2.1797
0.9172
1.2460
1.0183
1.9250
0.6615
0.6550
1.1798
0.2777
0.6577
0.1705
0.4637
0.2233
1.5792
0.2684
1.1316
0.1027
0.2663
1.2096
0.7537
0.4132
3.2891
0.3859
0.3960
0.0701
0.3792
2.4477
0.1229
0.0034
0.0484
0.8268
0.2868
0.7020
0.0553
0.3311
0.6401
0.8066
0.0950
0.3787
0.1583
1.7969
2.6146
0.0409
0.2325
0.1000
0.3770
0.0989
0.1728
0.3811
0.1647
1.1070
0.1287
1.5186
1.0485
0.3623
0.0651
0.0575
0.7510
0.5474
0.1636
0.0579
2.8864
1.6776
0.1260
0.8613
0.5547
0.0097
0.1467
0.0252
0.6199
0.1108
0.4008
0.0003
1.2585
0.0847
0.1138
1.3490
1.8085
0.4170
0.0000
0.5063
0.0153
0.5312
0.6884
0.0357
2.0954
0.9024
0.2785
0.3201
0.1992
1.5275
4.1767
0.4880
1.4872
0.7197
0.6004
0.5158
0.3168
0.1962
1.8774
0.1382
0.8290
0.0359
0.3970
0.0000
0.1835
1.3804
0.0719
0.4462
0.0233
0.7954
0.6111
0.2098
1.3092
0.4533
0.0589
0.7833
0.1104
0.1227
1.0570
0.7953
0.0083
0.0932
0.2348
0.5874
0.1292
0.4905
1.3818
0.2246
0.0458
0.8347
1.2590
0.6605
0.2270
0.3665
0.7873
0.0809
1.6796
0.0194
0.0759
0.6462
1.2090
0.9141
0.4428
0.7272
0.9434
0.0186
0.3277
0.0254
0.4147
0.1819
0.8869
0.4235
0.2193
0.1929
0.6518
0.3140
1.4710
0.5408
0.1071
1.2299
0.5067
0.9750
0.0466
0.4839
1.9380
0.2201
0.2788
0.6646
0.0777
0.0684
0.2624
0.7909
0.0047
0.0000
0.0231
0.1960
0.2512
0.0195
0.0229
0.0000
0.0790
0.9069
0.4938
0.4545
0.3475
0.4629
1.5123
0.4355
1.0771
0.1754
0.1603
0.2754
0.2296
0.0000
0.3913
0.2396
0.1459
1.1507
0.9231
0.0658
0.2046
1.4342
1.3391
0.5947
0.0976
1.8767
0.3243
0.5081
0.0228
0.2650
1.3696
1.6733
0.8915
0.4505
0.1736
1.1580
0.1693
0.0681
0.7596
0.3412
0.5403
0.7665
0.1906
0.1654
0.5805
0.5185
0.0959
0.0122
0.1026
0.3117
0.3254
1.5324
0.1023
0.1886
0.3754
0.4703
0.1728
0.1165
0.8302
0.0006
0.2835
0.2353
0.8080
0.5657
0.1131
0.4831
1.3048
0.8554
0.5576
0.1900
0.3667
0.3588
2.9645
0.2144
0.4243
0.1929
0.3230
0.0499
0.4155
0.4225
1.0102
0.5440
0.1668
0.4097
0.1266
0.0210
1.0993
1.0021
0.2272
0.1670
0.3797
4.3626
0.1917
2.0987
1.3038
0.0215
0.8417
0.3010
0.7984
0.9647
1.2631
0.5537
0.8294
3.0728
0.4738
0.2601
2.8321
0.4645
0.0080
1.0505
0.2337
0.6742
0.1697
0.4076
0.5483
0.2721
0.4954
0.7015
0.0697
0.7423
0.0902
0.2792
0.9492
0.1873
0.1372
0.1595
0.0926
1.4673
0.0110
1.0350
1.3212
1.0420
0.0072
0.2519
0.1482
1.2988
2.3307
0.4056
1.4743
1.0173
0.1911
0.1049
0.1776
2.7005
1.1408
1.0705
0.0714
1.1792
0.4694
0.3744
0.4231
0.0301
0.6080
0.0295
1.9499
0.6564
0.4052
0.2340
0.4248
0.3962
0.3733
0.3070
0.6458
0.2236
0.3614
2.2302
0.6442
0.7190
0.1671
0.0000
0.4529
1.4294
0.0376
0.0335
0.2243
0.0301
0.1576
0.7425
0.0782
0.7525
2.4705
0.1285
0.2473
0.4647
1.1110
0.9591
0.1748
0.2364
0.8452
0.1317
1.1037
0.9740
0.2601
0.5585
0.1103
0.0155
0.8508
0.5004
2.1885
0.0849
0.9290
0.0262
0.2124
1.0579
0.1578
0.3522
0.0122
0.5000
0.2440
0.3166
