6.3272
0.0456
7.4256
8.6981
3.9557
1.2812
1.1258
0.3415
2.4035
1.0231
0.0245
4.4374
1.2937
0.0961
0.0085
0.2832
3.8808
8.4835
1.6451
0.7180
4.4985
5.2209
0.1486
4.0103
0.4634
1.7731
4.2651
2.5492
1.1849
1.3417
0.0005
1.0265
0.6849
0.0001
5.1705
6.1603
0.1243
1.2020
1.4018
0.1363
0.2926
5.6660
0.0296
0.4679
3.6942
0.1428
0.5689
2.1031
1.8855
0.3091
0.5182
1.4521
0.5276
0.5734
4.1759
1.5472
1.9767
4.3267
0.0020
0.0024
0.9817
1.3372
3.8022
2.4523
1.0610
0.6175
1.8003
0.0491
2.7390
6.2551
0.7239
0.2548
0.6373
2.9734
1.2969
11.6373
2.0877
0.0042
3.6881
1.0074
1.6046
1.7411
6.8878
0.0319
0.0411
0.2669
0.6096
0.3718
13.2523
4.5104
0.8247
2.9419
1.4819
4.2647
2.9067
3.2352
2.7567
4.5104
4.9185
1.7477
1.7926
0.7962
0.6403
1.0677
3.5852
1.0626
1.5362
2.3456
3.1950
2.5630
1.6198
0.9357
3.4830
0.9802
0.4759
0.0228
0.0212
0.2306
1.0997
0.0712
1.3520
0.5500
0.5552
0.9031
0.2035
1.5991
0.1371
1.9506
0.6055
1.6861
0.1989
1.0582
0.5963
0.2780
1.1664
3.3819
0.4098
1.2659
0.8078
0.1701
1.7288
0.3180
1.1021
0.4326
0.7801
0.8454
0.6433
1.1754
2.1508
0.0917
0.0565
0.9537
1.1686
0.2160
0.5307
5.2739
2.3943
0.9026
1.6257
3.7640
0.6143
2.0321
0.3963
2.0827
0.7830
1.7143
1.2484
7.2512
1.0141
1.8700
0.2128
3.2417
0.2976
0.0622
8.5639
0.4103
1.0757
3.1271
0.0549
0.2372
2.4320
1.8927
0.4937
0.0065
1.2764
1.8710
0.1756
0.2758
1.4216
0.0512
0.3038
2.4580
0.0570
2.1999
1.5583
0.0249
1.6112
0.1212
0.3227
1.0117
0.0634
0.0716
2.7887
0.6259
1.2142
3.6921
0.6090
1.0101
2.5568
0.6251
1.9068
1.4598
1.2123
7.2617
1.6972
1.2878
0.4906
0.3373
11.0546
1.3192
1.9042
0.8725
0.1991
1.0229
0.5400
1.5551
0.0000
3.7234
0.1023
0.8508
0.7476
1.3721
0.7992
3.0125
0.3849
1.3805
0.0275
4.3571
2.8581
0.0217
0.0682
0.7509
0.1116
4.3741
1.2490
2.1752
0.2825
2.6450
3.3188
0.8173
1.1066
2.0553
2.6886
0.8942
1.0745
1.4817
0.4502
1.5113
2.0994
0.6791
0.7994
0.3579
2.0052
0.6617
1.7708
0.9455
0.3191
1.0064
4.5852
2.5809
1.4486
0.0903
9.7044
1.8993
0.8999
0.0683
2.2142
0.4532
2.8047
1.7042
0.1167
5.6324
0.1503
1.0800
0.0652
2.4413
0.0481
0.2701
0.6133
0.5885
0.6061
0.2932
1.9102
0.3424
8.3259
1.0220
1.0594
1.3739
1.2553
1.6647
0.4227
0.3633
1.6014
0.0340
0.5000
0.4050
1.2858
0.4694
0.8604
2.8081
1.5057
0.6116
1.2163
0.0623
4.0545
0.0051
1.9893
0.0003
3.4288
0.5182
0.8509
3.2916
0.1492
0.6335
1.2140
2.3840
0.3625
0.1578
0.0450
0.0015
0.5585
0.6047
3.6779
2.7920
0.2854
2.2643
0.3462
3.2063
4.1781
1.2252
3.0968
3.2399
0.5070
5.1702
0.1405
3.5669
4.1275
4.6209
1.4220
0.5538
0.2054
0.7591
3.6726
0.2570
0.0728
0.6234
0.3402
1.6804
7.4675
1.6778
0.2962
1.8897
1.4252
0.5134
1.5490
1.2304
1.1537
0.0859
1.5476
4.8674
1.6689
1.3028
1.0913
1.5166
0.3547
0.5696
0.2654
0.0091
2.8026
2.0815
0.6790
1.1198
0.6972
0.9841
0.2136
0.1771
0.2114
0.1298
3.7164
0.8802
0.5486
1.2728
4.8436
0.9582
0.1430
0.8149
3.7734
1.1399
0.8564
4.0599
0.8179
0.0238
0.1550
8.3289
0.0931
2.7643
4.5796
0.0868
0.0368
1.8901
0.4663
0.1621
1.2407
0.4884
2.1278
0.6995
0.1413
2.1969
6.0785
3.9622
0.0551
0.3918
1.6493
0.2858
3.7337
1.0062
3.5114
1.9730
1.1391
0.2552
3.0490
4.4073
1.8894
0.3114
7.1627
3.6186
0.1078
0.0016
0.9561
4.6093
2.5415
0.2758
1.1128
2.4103
1.9670
0.1593
0.3916
0.8793
2.4330
0.2851
0.4232
0.2683
0.9826
0.0287
1.5339
0.1925
0.0000
2.0115
0.1422
1.8556
0.1686
2.9534
1.0886
0.7607
0.7858
1.0463
0.8425
0.8184
0.4463
2.8987
7.7067
0.0509
1.7606
1.8051
2.2918
3.6298
0.8798
0.3243
3.3984
0.0194
0.2737
5.1032
0.4352
0.3298
0.4238
0.7039
0.9443
0.1439
1.4124
1.0658
2.4715
0.7377
1.5828
1.2951
0.1410
0.6666
0.5662
2.8002
0.3684
0.0489
0.3918
1.1296
0.0823
1.5646
4.0954
1.3806
0.3951
4.3089
2.2233
0.3849
1.3578
3.1481
4.1528
3.3194
3.7935
0.0826
0.7187
1.0283
2.8835
1.3595
0.7119
6.6764
1.3967
0.7958
4.0091
0.0870
0.8209
0.2749
0.4681
0.7098
1.5828
2.5816
0.4979
0.0338
1.4565
0.3326
0.2935
0.2741
0.0000
0.0032
0.6034
0.1529
1.0804
1.0583
3.5984
1.6050
1.3377
0.3213
2.3508
3.8121
3.0144
1.0565
0.7521
4.0338
1.6090
1.3526
8.0829
0.0748
0.8190
0.0528
1.1615
0.0003
0.9803
0.4965
0.4984
0.4661
1.5279
2.9856
0.6379
2.1629
1.2039
0.0753
0.2360
1.5408
0.7712
0.2100
0.1284
0.7276
0.9182
5.8765
2.0741
0.4329
3.6837
0.1832
0.0742
2.7341
0.0977
1.5932
0.3433
7.5005
3.4115
0.0710
1.3875
1.0660
0.5296
0.7982
2.7056
2.0202
0.3087
1.4178
0.2102
2.2184
4.7913
2.0236
1.1474
0.2595
1.2720
0.2064
0.1023
0.2766
2.7747
2.8343
0.6563
0.8995
1.3078
1.3934
0.8761
0.7683
5.2199
0.0986
0.6983
0.2655
0.2427
1.3555
0.1846
0.3615
0.4324
1.1724
0.5478
2.7712
0.7319
3.9771
0.3281
0.8088
0.0719
0.7233
3.0311
0.1205
1.2141
0.7195
0.0250
2.5187
0.0093
0.5144
2.1542
0.8993
0.9025
2.5593
0.1101
1.3961
1.1546
0.6360
1.2492
0.2601
0.8858
1.3012
0.3139
2.0855
0.2628
0.5725
2.4206
0.4164
0.6760
0.9846
6.4002
0.0614
1.1303
1.3372
1.9018
0.6632
1.3292
0.2425
0.6832
0.2848
2.2230
0.2741
0.1378
0.6692
1.0684
2.7739
1.5856
2.5973
0.5213
1.0097
5.5968
1.3307
0.0813
1.7985
0.4146
1.0677
0.1364
1.9979
1.2824
0.0330
4.1809
4.4819
0.1666
0.3032
1.0866
1.3723
0.9743
0.5163
2.5374
0.1076
2.5436
0.1643
0.0626
2.2280
3.8961
0.5662
0.6836
1.1188
0.6377
0.4223
0.7193
0.2857
1.5313
1.8600
0.7050
0.1593
1.1529
1.1881
1.2301
0.2837
3.9026
3.4100
0.0951
0.2093
0.4166
2.7368
2.8061
0.3170
1.0455
1.8683
0.6577
0.0796
2.6532
1.1638
0.3086
0.5111
0.6646
2.0629
2.5054
0.8167
1.3552
2.0271
0.0534
1.4537
2.4055
2.0201
3.3165
4.3771
1.5287
0.2447
1.2123
2.6552
0.6778
1.2187
0.3176
0.1434
4.1488
0.5346
0.2774
1.0646
2.2136
0.4432
0.5374
1.2547
0.4817
1.4696
1.2296
0.0216
1.5473
2.1346
2.6633
2.0310
0.0171
1.8078
2.7030
0.5102
0.3189
0.1257
0.0592
1.4226
1.2479
1.8526
0.3243
0.0244
0.0000
0.0982
2.0646
0.0190
0.0839
0.3383
2.8052
1.3212
1.7122
0.0439
0.9546
2.2769
0.0061
2.0198
0.2892
0.1872
1.2556
0.5481
0.0843
2.3452
0.0257
3.5622
1.0918
2.1527
0.6682
2.9881
0.1949
1.5763
4.7792
1.3976
1.3939
1.0833
0.2858
1.2886
0.3899
0.0600
1.3677
0.4398
2.3453
0.3478
0.0000
0.9663
0.8383
0.8610
0.1285
1.0071
1.0696
0.6321
0.5295
0.2453
0.0787
1.4751
3.9386
5.1218
1.0036
1.2385
1.2419
0.4070
1.5031
1.7335
0.8934
0.7819
0.0544
6.1021
2.2038
1.0316
1.6582
0.0028
0.0566
1.7517
3.4078
1.1719
2.4465
0.0090
0.9938
0.2298
0.3840
1.3842
1.1844
0.3054
0.1761
1.6186
0.9901
0.3580
1.1581
1.4505
1.2759
0.0718
0.7998
3.8218
0.9085
0.5254
0.0843
0.2988
0.1105
0.9189
0.5188
1.4133
0.3125
0.6524
4.1362
2.4697
0.0023
4.2751
3.3421
0.0268
1.1228
0.0066
1.2785
0.9468
1.0762
0.0922
3.3074
2.2818
0.9842
0.3188
2.5839
0.4729
3.7102
2.5670
5.3289
0.7542
0.1405
2.8169
1.2982
1.6247
1.4910
2.0994
0.5317
0.4924
0.9539
0.0263
0.5327
0.1174
0.1928
0.0280
0.2470
0.1032
0.9755
3.5687
0.7033
0.5276
5.5632
1.7717
0.0429
0.0259
0.0022
1.9073
0.0091
1.1081
0.7116
0.0320
2.1418
4.0515
2.8199
1.8995
1.5462
2.5604
4.6717
0.2858
0.1211
1.4415
0.1963
0.3718
1.9553
0.9494
0.6609
0.6898
1.4046
1.5142
1.5092
0.9558
0.5773
2.0476
0.6649
0.0056
1.7825
3.2820
2.6735
0.6304
2.9131
0.8483
1.0392
0.5158
2.1676
1.2685
1.3672
1.7826
0.3094
1.3339
1.5968
2.1165
3.2290
0.8783
0.5239
0.6628
0.6642
0.5604
1.1043
0.5829
0.0000
1.1795
0.2562
1.1263
4.6376
3.2840
2.5435
0.0863
1.4244
6.6646
0.0895
0.5498
