0.1416
3.7663
0.9623
7.7529
3.9827
0.1903
1.5171
0.2996
5.8519
1.2528
0.7024
0.2452
0.1979
1.1009
0.1029
2.0693
1.3177
0.8684
0.9815
0.0258
0.4306
0.3842
0.0406
2.0665
1.7319
0.3287
1.1090
0.4025
0.7025
0.3899
2.8371
1.3421
0.1055
0.1635
1.0172
0.5439
2.4091
0.2939
0.1077
0.1347
3.9294
1.0409
0.9966
1.3579
0.0924
6.7163
0.5817
6.4900
0.4684
2.9309
0.0684
0.4693
2.8146
2.1537
0.0550
0.0223
0.0781
0.2579
0.0812
0.0552
0.0491
1.8930
1.4459
0.3096
0.7661
0.1097
0.1140
0.0880
2.5581
3.2017
0.3799
0.4444
0.6825
0.6094
0.3982
0.1543
0.1438
0.2998
0.7067
0.3675
0.9591
0.0132
0.1575
0.5243
0.2971
0.3450
0.0453
0.5933
0.7978
0.0621
0.3509
0.7522
1.0891
1.7843
1.1269
0.3582
0.1294
0.9996
0.4729
1.0761
0.0442
0.2394
0.5547
0.0177
0.1376
0.2714
2.1196
0.0294
2.5924
0.4017
2.0836
0.7526
0.0985
3.2810
0.4569
0.0380
2.1181
2.0458
0.2821
0.3499
0.3993
0.4811
0.2845
0.4629
0.9023
0.2275
0.8972
0.1283
0.7086
1.2484
0.0742
0.5300
1.0796
0.1014
0.7397
0.6810
1.1395
0.0399
0.4016
0.0841
0.2411
0.3945
0.0854
2.0044
0.1214
0.0025
0.6329
0.0802
0.5404
0.0000
0.0007
0.5239
0.8525
0.1219
0.2545
0.0573
0.0620
0.2256
1.0529
0.1471
0.2491
1.8206
0.8247
0.1443
0.0763
0.2256
0.5799
1.4194
0.6647
0.3157
0.0863
0.3589
0.3779
0.8568
0.3945
1.0604
0.9726
0.7215
0.3542
0.5407
1.6522
0.6510
0.2592
0.8668
0.4696
0.2698
0.0006
2.6928
0.2514
0.1208
0.5853
0.0679
0.9139
0.1846
0.0821
0.1843
1.3814
0.4594
0.1046
0.3390
1.0699
0.1816
0.0132
1.3737
0.2305
0.0047
1.1449
2.0935
2.7162
1.0622
1.3215
1.2400
0.6310
0.1770
1.1786
0.6073
0.8449
0.9354
0.4151
0.0194
0.8084
1.3196
0.0475
0.1759
0.1343
0.1412
0.0000
0.0721
0.4699
0.5806
1.0668
1.2159
0.5642
0.1029
0.0586
0.1369
0.0073
0.0258
0.4031
0.0149
1.2891
1.4439
0.1188
0.0278
0.0783
0.7084
0.2698
0.0755
0.3280
0.7702
0.0797
0.1789
0.0591
0.7847
0.7957
0.2867
1.3168
0.3445
0.0000
1.0105
0.8025
0.4656
0.3130
0.1488
1.1369
0.3908
0.6680
0.0166
0.1010
0.5302
1.0802
0.9775
1.1957
0.1849
0.0243
0.2475
0.0658
0.3679
0.0200
0.4257
0.1159
0.7660
0.2772
0.7607
0.8060
0.1096
0.6336
0.3207
0.2068
0.3074
0.6903
0.2967
0.0474
1.0026
0.3037
0.7030
1.2498
0.7418
0.0973
0.2831
0.0338
0.7590
0.2280
0.3322
0.1711
0.0376
0.6732
0.8108
0.2206
0.2151
0.0259
0.1473
1.0682
0.9585
0.0553
0.4212
1.7874
0.4696
0.0304
0.0460
1.3067
0.1451
0.0969
1.2419
0.7275
0.5698
0.9393
0.2218
0.1297
0.0742
0.6157
1.4223
1.6036
0.4248
2.4249
0.8007
2.5200
1.3512
1.8371
0.5828
0.2110
0.1103
0.0575
0.3874
0.2236
0.1040
1.1081
0.3024
1.4537
0.6359
2.0050
0.0641
0.1967
0.1319
0.1258
1.7887
0.4240
0.4993
2.7838
0.0969
0.1640
0.0976
0.0304
2.6092
0.4436
0.0903
0.8707
0.6459
0.1793
0.0237
0.1316
0.1861
0.8213
0.3122
0.6685
1.5570
0.2478
1.2320
0.1523
0.1422
0.4613
1.5380
0.2779
0.1049
0.3649
0.1034
0.4693
0.0405
0.2124
0.6290
0.5091
0.4523
0.0171
0.0282
1.3140
0.5124
0.5970
0.3134
0.2518
0.8179
0.9923
0.6273
0.0367
0.1816
0.3929
0.2595
0.1069
0.4305
0.1415
0.0576
0.7201
0.5191
0.1332
0.7371
0.0118
0.5210
0.2360
2.4762
0.2189
1.2406
0.4651
0.7584
2.1605
1.1061
0.3729
1.1015
0.7534
0.1336
0.5780
0.0491
0.0151
0.2167
0.6976
0.2141
0.2166
1.2753
0.1474
0.1394
0.0364
0.4642
0.4985
1.4378
0.3113
0.5703
0.0704
0.2740
0.0214
0.0970
0.0136
0.5636
0.1291
0.6394
0.1536
1.3498
0.3967
0.6000
0.7044
0.3974
0.3083
0.4328
0.0925
0.5532
0.5156
0.0908
0.0899
0.6748
0.0797
1.3427
0.2158
0.3050
0.2184
1.4474
2.5276
2.0756
0.0319
0.1475
0.6041
0.1516
0.4579
0.2269
1.2323
0.8508
0.8305
0.0292
0.4154
1.4141
0.0077
0.1527
2.7959
0.2203
1.1021
0.5194
2.5106
1.0824
0.0132
0.1453
0.3084
0.3558
0.3507
0.7781
0.4837
1.1448
0.6896
1.0147
1.3065
0.2203
0.2039
1.1413
0.3304
0.9513
0.1982
0.9231
1.2829
0.1252
0.0187
0.0398
0.7599
1.6218
0.1086
0.3014
0.0224
0.3509
0.1611
1.1112
0.5696
0.0479
0.0000
0.5966
0.0068
0.3776
0.0690
0.8069
0.2437
0.5351
0.4288
0.5053
0.4322
0.1759
0.1924
0.1941
2.9714
0.2095
1.3850
0.3421
0.2903
0.0740
0.6358
0.2259
1.0141
0.4709
0.8493
1.0126
0.7038
0.7304
0.0311
0.3715
1.0587
0.3069
0.0582
1.3974
0.8160
0.3642
0.0021
0.6847
0.0886
0.0835
0.9441
0.1212
0.6854
0.2070
0.0191
0.5438
0.2375
2.1116
0.0344
1.1856
1.3673
0.1311
0.1417
1.6542
0.1534
1.1780
0.0016
0.2526
2.8464
0.4238
0.0760
0.0263
0.0988
0.3803
0.1208
0.1622
0.7570
1.4699
0.1829
0.3460
0.6432
0.5326
1.6383
0.2152
0.0003
0.0120
0.2220
0.8014
0.0000
0.4586
2.4321
1.5303
0.7183
0.3463
0.0185
0.2031
0.5405
0.6417
0.0471
0.6429
0.2085
0.5149
0.8667
0.1996
0.3028
0.0801
0.7631
0.8624
1.2065
0.0378
0.5073
0.5216
0.5490
0.3388
0.2257
0.8320
0.2494
0.0444
0.3427
1.0620
2.8086
0.9061
0.2103
0.6847
0.0653
0.6053
0.7281
0.0652
1.1435
0.1610
0.8750
0.5846
0.0095
0.0583
0.0961
0.0960
1.3792
0.0026
1.0254
0.2533
0.5624
0.8190
0.0580
0.1174
0.5973
0.5736
0.0258
0.2851
0.7967
0.0423
0.0824
0.5020
0.8579
0.2781
1.3431
0.3019
0.1695
0.0235
1.9474
2.0194
0.7245
0.4082
0.9640
0.2174
0.2624
0.0686
0.8786
0.8821
0.0844
0.1057
0.1516
0.0335
0.5484
0.2381
0.4363
1.8202
0.4738
0.0154
0.3014
0.2724
0.4718
0.0428
0.5989
0.9318
1.1962
0.9100
1.0417
0.0216
0.4475
0.1016
0.0539
0.0059
0.0822
0.5791
1.0282
0.0067
0.1234
0.0220
0.0138
1.1881
0.0518
0.2084
0.8068
0.8953
0.3009
0.4988
1.4414
0.2085
0.0041
1.7841
2.1194
0.0803
3.4396
0.1147
0.5637
0.6541
0.4487
0.0144
1.2969
0.6669
1.1331
1.9934
0.8483
0.1994
0.0000
1.2080
0.6665
0.3962
0.4159
2.2877
0.7004
0.8888
3.2230
0.3192
0.2199
1.9535
0.5007
0.7246
1.4136
0.0426
0.2003
0.5929
0.2868
1.5568
0.0735
1.4568
3.0448
0.4140
0.6099
0.0539
0.0521
0.2586
0.2601
0.2244
1.0170
1.2749
0.5032
0.0018
0.0970
0.7205
1.8201
0.5148
0.5429
0.2353
0.1585
0.0711
0.3456
0.3139
0.6911
0.0745
0.1008
0.5510
0.4841
0.0000
0.2520
1.7445
0.3042
0.3373
0.7688
0.4618
0.2301
0.6813
0.5322
0.2089
0.1887
0.1892
0.8881
0.0109
0.0110
0.4614
0.5719
0.0000
0.1874
1.3540
2.4596
0.5065
0.3241
0.2179
0.5872
0.4157
0.0066
1.0675
1.3005
0.2610
0.0202
0.0960
0.0368
0.2177
0.3189
0.0059
0.0068
0.0810
0.1331
0.0225
0.1989
0.5483
0.3964
2.4915
0.6030
0.7152
0.1600
0.0851
0.5834
0.4637
0.0075
0.5027
0.3509
0.4925
0.3563
0.1275
1.0937
0.0086
0.5844
0.7976
1.1509
0.0923
0.0633
0.3492
0.0103
0.3102
0.0004
0.0508
0.3738
0.8799
0.0860
0.3614
1.1639
0.3747
0.3203
0.0324
1.0411
0.0764
0.6193
0.0000
0.1100
0.6205
0.0852
0.5451
0.2490
0.4802
0.2452
1.4375
0.3762
1.1074
0.0172
0.2719
0.3066
0.9965
0.5744
0.3673
0.1708
0.3895
0.1709
1.3867
0.5663
0.1860
0.1414
0.3524
0.0176
0.3973
1.2328
0.0525
0.1349
1.9709
0.8522
0.0841
0.0391
0.5065
0.0247
0.0816
0.5028
1.3934
0.7461
0.0066
0.4123
0.4644
0.2613
0.1658
0.3005
0.2674
0.2409
0.7280
0.0109
0.2456
0.1345
0.0380
0.0992
0.1978
0.0415
0.8992
0.0345
0.3067
0.0384
0.6937
0.1433
1.3966
0.0616
0.5252
0.0749
0.0807
0.3311
1.4799
0.6164
0.7007
0.0838
0.4633
0.2770
0.1053
0.7024
0.3677
0.0252
0.1167
0.3293
0.7209
0.6637
0.4971
0.2987
0.9839
0.6555
0.1179
0.2503
0.1358
0.3660
2.1849
0.0286
0.3581
0.8569
0.2196
0.2350
0.4001
1.0877
0.2363
0.4787
0.0415
0.8565
0.0733
0.1354
0.0828
0.9634
0.0936
0.5904
0.0162
0.0661
0.0227
0.0025
0.2143
1.4663
0.0265
0.2169
0.0613
0.2204
0.1253
1.1312
0.0317
0.2727
0.2181
1.3873
0.8609
0.0244
0.7395
0.1073
0.2478
0.6299
0.0236
