0.3673
5.2386
3.9008
5.8773
0.9530
3.7107
1.0333
3.9881
1.2163
3.5912
0.5041
0.5523
0.2135
3.9183
2.3361
1.2368
0.6768
0.2673
3.7594
4.1251
0.2382
0.0185
0.0000
2.0119
2.6080
2.3887
1.0216
0.0005
2.1239
0.7441
0.2042
3.2079
0.7348
1.6080
0.3400
4.2216
1.5604
1.5781
2.4540
4.5676
0.4814
2.4455
1.3110
0.0530
1.6251
2.1049
0.6053
0.1202
4.0342
1.5160
1.0967
0.0000
1.6930
1.3559
0.3276
0.2127
2.1184
0.0255
0.6247
0.4269
1.3407
2.6015
2.6314
0.5853
0.2643
1.0518
5.2845
1.9939
3.4115
0.4387
0.6425
1.1714
1.6737
3.4974
0.7253
1.6000
1.7677
4.4754
2.8625
3.2017
2.4705
4.0277
1.9031
0.1882
0.6601
0.4958
0.1022
3.3809
0.1898
1.1157
0.8119
0.2954
1.7179
1.2537
0.1970
0.8129
1.4282
2.4653
0.1348
3.8668
2.1158
0.4227
2.1814
1.5988
1.2498
7.8508
3.9083
0.9356
0.7253
0.9091
1.1829
1.6815
2.3024
0.1808
1.2698
2.7591
4.5038
0.6195
3.1938
1.3752
5.7008
0.3485
0.4000
0.7009
0.0034
0.6299
1.1850
3.3434
2.9485
1.1223
1.8597
1.1332
0.9530
0.0742
4.8693
2.4023
0.0364
0.0036
0.0123
1.3148
0.4003
1.6473
0.0092
3.4089
0.1594
4.6572
0.5569
0.2221
1.0684
1.4380
0.0000
4.8458
1.9143
6.8970
1.9916
2.1014
1.3928
0.0150
1.4040
1.5868
1.4003
1.4578
0.5007
0.1065
2.5577
1.4201
1.5226
0.8049
5.3710
4.3558
1.6789
0.0360
1.1853
0.6094
0.1935
0.6022
3.4968
1.7537
0.0000
0.3906
0.6295
0.0000
1.7380
3.1275
2.9215
0.0395
0.3532
0.6449
0.0000
0.5472
0.5083
0.0154
0.3618
0.4295
1.8906
3.2873
0.9870
1.0388
0.6729
3.5662
3.4587
0.5032
1.5300
0.4236
0.6879
1.2428
0.7983
0.6130
0.0360
1.1098
2.8036
3.4376
0.1842
0.7488
5.0489
0.8702
1.6172
0.0736
0.1529
0.1739
0.8152
1.9588
3.6507
0.5471
4.4246
1.1916
1.2851
3.6094
1.3079
4.2817
1.6069
0.5964
1.8115
4.1624
0.0080
3.2389
1.2396
1.3768
0.4837
0.0626
0.8130
0.0743
1.7764
0.7804
1.6296
0.6266
1.5399
3.2170
0.3130
0.0252
0.7237
0.6332
1.5445
0.5430
0.2588
0.0730
0.7120
0.4462
0.1814
5.4302
0.1511
0.8358
1.5350
1.1473
0.4852
6.0648
2.7201
5.8213
0.1636
1.8581
3.2567
1.1917
0.1981
0.6537
1.2280
0.5439
3.2797
0.2792
1.0294
1.1239
0.5356
15.8800
0.1198
0.4492
1.5041
3.0872
0.1032
2.4927
1.7790
1.6495
0.9731
1.9101
1.3994
1.0688
2.2117
0.1043
1.6389
0.7285
2.3944
1.5452
1.2319
0.9852
0.1561
0.1758
0.7409
0.1690
1.3017
1.2204
0.6294
0.1198
1.2183
1.5902
5.1556
1.1143
0.9819
0.0252
1.3998
1.9670
0.2749
0.0753
0.4383
1.8975
3.4006
1.4489
0.4869
2.1383
0.0326
0.8951
0.5740
1.5375
0.5762
1.1098
2.4577
2.5135
0.5873
1.3482
0.4337
0.0231
4.6426
1.1397
5.2101
2.6606
1.7294
0.6915
4.8038
0.0738
2.2427
1.0640
0.3610
0.1680
5.3020
0.8002
0.0280
1.9483
1.7376
0.8176
0.0681
4.6962
1.3926
0.5827
3.4461
0.0048
8.2430
0.6588
0.2716
0.6185
0.5132
3.6770
3.5824
4.7669
0.1943
0.0515
5.8888
1.4265
0.4926
0.3019
1.6641
0.9202
0.0167
6.1481
0.2495
3.3612
0.1475
4.8435
0.5783
0.9557
3.2167
0.6527
0.7554
0.3393
1.2871
0.5546
0.1115
0.9311
1.2066
3.8029
0.8093
1.0289
4.7850
4.9989
0.6067
0.0735
0.0929
0.4212
0.7093
0.4527
0.7749
0.2081
0.2814
0.6231
1.2284
0.0006
0.4255
0.3183
1.6726
2.1710
3.0523
1.6138
2.2022
0.3355
0.5302
1.6393
0.6209
2.2632
0.2727
0.2555
1.0804
4.1102
0.1941
1.8705
0.8580
0.1480
1.0491
0.0401
1.2043
3.0938
4.2749
8.1478
0.3056
1.5016
0.2756
0.5510
0.2675
0.2364
2.5597
0.3665
1.8287
0.4948
0.6986
0.0315
1.0226
1.0845
3.5163
4.2040
1.0550
2.5489
0.1922
0.0449
0.8332
0.7605
0.5328
0.2934
3.5454
0.1661
1.7203
2.2600
0.0721
3.6973
1.0585
2.9814
0.0404
2.0037
1.5468
1.4328
1.5678
3.4089
1.2053
1.3930
0.5050
0.0479
0.0179
4.3677
0.6950
9.0780
5.7266
0.6180
2.8078
0.6697
0.8280
0.7869
2.5831
0.1444
0.0459
0.3382
0.2286
0.0296
1.2246
0.2175
0.3622
2.6431
0.7930
0.1760
1.0903
0.5266
0.8676
0.0111
0.3738
0.8365
0.1446
6.4378
2.0034
2.5649
0.6398
0.0619
0.3015
2.4377
0.6214
0.5364
1.7800
0.3084
1.5917
2.3073
0.4694
0.1566
2.0306
0.9330
1.2509
0.0231
1.0105
0.5271
1.2883
0.3051
1.1514
1.0064
1.0301
0.7516
0.3358
2.3523
2.0691
0.2487
2.1491
1.2107
0.7327
0.3614
4.4512
4.6028
1.1676
0.4850
1.0418
0.0000
0.3349
1.8835
0.2162
1.0530
4.5877
1.9260
0.6169
6.9140
0.6822
0.4969
4.0396
0.3989
0.0424
2.5228
0.3739
2.1689
0.8774
2.2183
0.3180
0.0538
0.6254
0.7943
1.7687
1.9617
0.1179
0.0227
0.2367
0.7861
0.4638
0.2376
0.0000
0.2888
3.8566
0.3502
1.6009
0.9560
1.4072
1.1108
0.9389
0.0184
2.3234
3.3025
1.0582
1.6654
1.1844
3.4911
0.6439
0.1506
0.9927
2.3536
0.3269
0.6518
0.0244
0.2463
2.0057
7.1308
0.4747
0.5727
2.5491
0.0392
0.7501
1.7548
0.9913
1.2864
0.5204
2.1574
0.7201
1.0205
0.8482
0.9187
0.8096
0.0000
0.3415
0.9696
0.2253
1.8948
0.1325
2.8693
0.3810
0.9867
2.7870
1.5950
0.0106
0.2561
0.0852
0.5475
0.4970
0.2611
1.7018
1.6208
0.0652
2.2561
0.2765
2.9863
0.1576
2.0580
0.3030
0.0489
0.3019
0.2509
1.2715
0.4327
0.8369
4.1839
2.5321
0.0567
2.0640
1.0816
0.7466
1.2236
0.9620
4.2401
1.4701
1.1546
0.3013
2.4940
1.0960
1.8622
2.1099
4.2014
0.9482
2.0535
1.1468
9.1913
1.4551
1.9115
2.5969
2.3989
0.7142
2.5539
1.5738
0.2480
0.6220
0.5687
5.0617
0.3247
0.3600
0.1561
0.3763
1.6388
0.0688
1.3916
3.1012
4.4509
1.7841
0.1117
3.7678
2.5023
0.5230
0.7661
0.4500
1.3646
0.4784
5.2840
2.0544
0.1373
0.5773
0.7619
0.0022
0.3966
0.6710
0.0803
1.4971
2.6415
0.7612
0.2134
3.3835
0.0000
2.7557
0.6221
0.6017
1.9929
0.6395
0.2528
3.1994
1.3003
3.3868
1.0745
1.6820
0.3181
1.6213
0.2126
3.4632
0.7541
1.2819
0.9131
1.2000
0.5525
1.0833
4.7469
0.9988
0.7035
2.9456
2.0311
6.3594
0.6713
0.6345
0.1358
0.0000
0.4461
0.2819
2.6380
0.0100
1.9026
0.0519
0.4248
1.0230
0.0128
0.0764
1.1616
3.3475
0.0003
2.5373
1.4350
0.7541
2.8267
1.6150
1.1823
3.2180
3.7702
0.9044
0.9861
1.2748
4.6162
1.0912
0.4090
2.5708
0.1333
1.1642
1.0212
1.8703
0.4184
1.1286
0.5440
0.7580
0.7247
1.8604
1.9139
0.7913
1.0278
0.0478
0.0313
0.3287
6.7053
3.3124
0.8436
0.4215
1.8584
2.9745
3.1164
3.0236
1.2614
0.0333
1.4708
0.0401
0.7909
0.2971
2.9438
0.6431
2.1911
3.1785
0.5195
0.3440
2.0124
0.6480
2.5758
2.2970
0.9311
0.5426
0.0361
0.0260
3.3831
2.5123
1.2168
0.3189
1.1710
0.0534
0.2283
2.2660
2.3129
1.9469
1.1673
1.7109
4.4019
0.6272
2.4953
1.2127
0.0640
2.8488
1.7501
0.8501
0.6788
1.2688
0.5445
0.7960
4.3204
1.1995
0.2294
1.3812
0.3821
2.9200
0.2435
0.0668
0.3905
1.0073
1.9120
0.2351
1.1719
1.4336
0.3088
0.0323
2.4645
0.6261
0.9312
1.1000
2.5146
1.1060
2.8675
0.0157
0.4183
0.8636
3.0303
2.1270
0.8999
0.9766
0.1208
4.5967
0.5246
11.7326
3.0275
0.9962
1.3392
1.4206
1.6603
0.0473
0.6493
0.8828
0.4448
1.2760
0.8571
1.1345
2.5571
0.8629
0.0243
2.4040
0.5324
2.7272
1.5266
0.2415
1.0195
1.5812
0.3982
0.0624
0.3473
0.2425
0.0060
5.5268
0.4635
0.1557
8.2572
0.3189
1.3845
2.4589
1.6727
2.6302
0.3743
0.0987
0.2792
2.0609
0.1100
0.1337
0.8791
0.1653
0.0238
0.0064
0.6179
0.2099
4.9581
2.1672
1.2864
0.0112
4.3991
0.2546
1.4587
0.6893
1.4796
0.5573
0.1554
1.3233
0.9070
0.2184
1.6683
0.0939
0.7571
0.9496
2.8584
1.2461
0.3357
0.1070
2.8107
3.6214
0.6831
2.3700
1.4528
0.0563
0.2284
1.2056
0.1132
1.0966
0.4605
1.6960
0.1043
0.3104
3.3044
0.3734
0.0283
1.6375
2.1357
3.0149
1.5344
1.0201
0.9730
1.5178
2.2233
3.1052
0.6218
1.3290
2.8737
0.8398
2.8685
0.5322
0.0027
0.3463
0.3954
0.4187
1.8168
4.6672
0.3484
0.6334
0.8283
1.0293
0.7901
0.1565
0.2334
1.8478
0.0694
1.5408
0.1356
0.0307
0.5735
