1.2560
19.9999
3.7060
2.6993
6.9904
8.4735
2.6929
2.1867
0.9534
1.1525
0.6547
1.2456
1.8950
1.2520
0.4840
0.0879
3.0961
0.4881
3.5986
0.1656
1.9685
1.1227
0.1926
1.0908
3.0190
4.3692
1.7377
1.0933
1.8462
1.7502
3.4296
1.0903
0.9870
0.0947
0.5653
0.0000
0.6170
6.3378
3.4503
1.2852
3.0539
11.0909
0.6141
2.3663
0.4545
2.2056
1.9736
0.8736
1.1403
2.4371
0.9592
0.3072
0.0253
0.7705
1.5152
4.7175
2.4210
0.3285
0.0769
0.6726
0.8197
2.7639
3.5661
4.3059
0.7443
7.4143
0.6959
1.4644
1.6185
0.0039
0.1337
1.6968
0.2139
1.0753
1.5486
1.7430
0.9383
0.1193
2.2287
3.3750
0.6139
1.1786
2.9314
0.2273
0.2035
0.3662
1.0483
0.2336
0.3308
0.0000
1.1956
0.0261
1.9853
1.8439
0.2230
0.5824
0.2322
0.3338
0.0288
4.9290
1.0748
0.5604
0.0020
1.0959
0.4132
1.8880
1.6181
0.2346
2.7239
0.0122
3.0545
3.9443
0.7810
2.3694
1.0098
0.5652
0.0206
1.7190
0.0014
2.2179
3.3300
1.1744
0.6156
0.6559
1.3486
0.5789
2.6815
1.7387
0.4488
1.4928
0.5316
1.4306
2.3936
3.3704
0.7654
1.1270
0.9130
0.4050
0.1486
0.5204
0.3959
0.1235
1.9311
1.3391
2.0355
2.2566
0.8352
2.4017
3.5819
0.6056
1.3992
0.3674
0.6788
0.0682
3.4664
1.5841
0.0024
1.0223
1.1884
1.3809
0.1311
0.8948
1.7374
4.6883
0.5065
1.4489
1.2650
0.6870
2.2536
0.3643
0.0754
0.4591
0.1840
7.4494
0.0916
0.7039
2.1395
1.1893
1.0569
0.1392
0.0453
1.1823
0.3920
4.6487
1.4708
0.6610
0.7960
0.4127
0.4503
0.4939
1.9701
1.8143
0.7405
0.1794
0.2436
1.3085
3.9831
0.3814
1.3319
0.2490
0.8154
0.7072
0.2498
2.5867
2.0836
1.3693
1.5912
1.2250
1.8470
0.7650
0.5095
0.0003
2.7717
0.0864
1.0084
2.4542
0.0758
0.0125
2.6643
0.0022
1.7174
0.1670
0.2833
3.5236
0.6995
1.0665
0.0063
1.0504
5.3718
0.1079
2.5881
1.1998
0.3736
0.0000
0.1697
5.0186
0.2324
0.2155
0.8334
1.9744
2.5105
0.7679
0.2167
0.5908
0.0711
0.0073
0.1079
0.4854
1.6760
0.6198
0.3745
3.9009
0.0002
0.0005
0.1988
0.1146
0.0260
0.5730
0.7839
0.0047
0.3728
0.4070
4.0709
5.0615
0.2875
0.1263
2.3101
4.7135
1.2038
0.9080
3.9190
2.2019
0.8433
1.2054
1.0556
0.1089
0.4306
0.5347
1.0764
0.4222
0.4875
0.7392
0.7214
1.7982
0.7332
3.0361
2.7901
3.2417
1.5463
3.9473
2.0597
0.2156
2.5450
0.0035
0.1490
0.7494
0.5288
1.4895
3.2183
0.6426
0.4259
1.4770
2.9801
0.1705
0.0946
1.3175
0.2887
1.5422
0.2037
0.9588
0.9936
1.0534
2.9794
2.4987
1.5796
0.0371
0.0940
0.3938
0.8318
0.1657
0.1684
7.3938
0.7948
2.4922
0.9251
0.2974
2.6806
0.1275
0.2306
0.2568
0.7957
0.3647
3.7680
0.4517
1.7666
0.3357
1.0794
1.0327
0.7196
2.2209
0.1793
1.6097
1.6193
1.8764
1.5710
0.3513
1.7701
0.1083
2.8993
3.4354
1.8493
0.0797
0.1125
5.2798
0.2968
0.4226
2.2629
0.7351
6.0422
0.1516
2.2845
0.9509
1.3985
0.5031
1.9008
0.3414
3.3862
0.7165
4.2395
0.9409
0.2480
2.8421
0.1169
0.3174
0.4056
1.2928
2.5407
0.2680
1.2930
0.2163
0.5806
0.9478
0.9827
1.7356
1.7518
0.1180
1.2036
3.1836
0.0958
1.7217
1.2740
0.0410
0.3809
0.5031
0.6986
0.6519
1.2356
0.1110
0.6214
2.1225
1.4489
0.2917
1.8198
3.0265
0.4711
0.5683
0.9707
0.5966
0.9582
0.3486
0.4835
0.0436
2.3209
0.2928
0.5278
0.3310
2.8444
0.2942
0.4270
1.3660
0.1905
1.5784
1.0299
2.1171
1.3036
0.2956
0.3726
0.5149
0.2687
1.7951
1.5924
0.7274
2.4397
0.6557
0.1935
0.6953
3.4112
0.2953
1.2415
0.7222
0.5293
1.1395
0.0533
0.0988
1.0651
1.3226
0.9246
2.9118
2.0124
0.0488
0.1861
1.2384
0.0165
0.0016
2.0162
1.3503
1.1086
1.8895
0.2260
1.3993
4.4836
0.1531
0.3495
0.4917
0.6401
0.4152
0.0782
0.2052
2.9563
0.4376
1.0459
1.0227
0.5019
1.1100
1.3422
1.1717
0.1869
0.2067
1.3948
1.8385
0.2153
0.4666
0.6772
0.8875
0.7525
1.3928
0.7845
5.5386
0.4580
1.3543
0.8718
0.8146
0.1463
0.5870
2.3855
0.3004
0.5445
3.7121
0.3385
0.0927
0.7082
0.2264
0.2796
2.5562
0.0625
1.8967
0.9750
2.0625
2.0381
0.7188
1.4301
2.2042
0.3343
0.9869
0.9736
2.4784
1.4113
1.6330
0.4923
0.1678
2.5421
0.6841
0.7510
3.5730
0.3548
0.9044
0.0205
4.4587
1.4213
1.5270
0.1589
0.5795
0.0036
0.7423
4.6718
0.5632
1.6631
0.1091
0.4429
1.6517
2.3452
0.2549
0.1024
1.3378
0.6162
0.1057
1.1340
0.1566
0.5985
2.5312
0.0559
0.8557
0.1474
0.0000
0.3963
0.6204
0.5659
0.7870
3.8330
0.0000
0.6048
0.0948
0.0670
0.5405
0.7671
2.7390
2.6571
0.2436
1.7236
2.1510
0.2581
0.0779
1.0137
1.3584
0.0485
1.0168
7.4448
0.3270
0.9552
1.4179
3.4216
1.6693
0.0539
0.0828
0.8184
0.4203
0.1424
0.3688
0.6073
0.1456
2.6293
0.7399
0.0444
1.1245
0.2897
0.0709
1.3413
0.3404
0.5768
1.0197
1.2157
1.1368
0.1338
5.3044
0.5087
0.0866
0.1049
0.2965
1.5930
3.5994
3.1598
0.3301
0.2188
5.5408
0.8873
1.0675
0.5516
1.4476
1.1962
0.0014
5.9954
0.7044
1.7919
0.1789
2.5446
1.0530
0.8157
1.9766
0.2120
0.7866
1.9204
0.7304
0.1941
0.4060
1.6174
0.5370
2.7312
1.8560
0.7987
0.1391
1.2319
1.6542
0.3806
0.6566
4.4602
1.8430
0.2246
2.2998
2.4600
1.0483
0.7302
2.6576
0.5141
2.5305
0.7880
0.5662
1.4805
3.0140
0.1412
0.5049
2.7298
0.6964
0.3715
0.4033
0.2982
1.7214
1.7537
0.2352
0.9871
0.7054
0.6243
0.2598
1.3917
0.9862
1.9775
1.7777
1.2611
1.2387
1.0049
1.2499
1.6384
0.6163
3.3779
1.0851
0.0872
1.6453
1.0309
0.9680
1.1160
0.5322
3.4465
0.8980
0.1116
1.6463
2.9210
0.2276
1.3451
0.0658
3.6605
0.1467
0.5986
0.4880
0.2947
0.0991
0.1370
0.7412
0.2417
0.3102
0.4113
0.1231
0.3271
0.8166
0.5205
0.0237
0.3873
6.0678
0.2658
2.3066
1.0298
0.5158
3.7461
0.9523
0.4931
0.4661
0.1611
1.2250
0.9384
0.1291
0.8533
0.4787
0.1476
1.0123
0.1647
1.7399
1.4479
0.4225
0.1748
0.9587
0.4360
1.5802
0.4495
1.4813
1.4838
0.2063
0.1745
0.1743
1.8308
0.5175
0.3651
0.6362
0.5462
2.5237
0.8557
1.4837
2.4951
1.7185
1.1084
1.4751
1.0553
0.5125
1.4069
1.3517
0.5668
2.1561
1.3056
0.1130
1.1957
3.7734
1.8056
3.7166
0.2104
0.9596
1.8922
2.4275
2.5151
0.8575
0.0045
0.7605
2.3367
0.0802
0.2663
0.0333
4.4439
1.3178
0.9125
0.4484
1.1078
0.1865
0.7323
0.3242
1.4068
0.9727
0.3264
1.9156
1.7117
0.2856
0.5821
0.1087
1.2809
1.5710
0.7067
1.3730
0.5572
1.4020
2.1134
2.2504
1.4491
1.3352
0.1629
0.4601
0.1245
1.9085
0.7162
0.3312
0.6998
1.1375
1.4784
0.4381
0.2344
0.7899
0.1576
1.1728
0.9007
0.1282
0.2130
1.2553
0.2992
1.4472
0.2743
1.8376
2.1238
0.8956
2.2247
0.4268
1.2432
0.1944
1.9419
0.1540
1.7641
2.2088
1.6032
0.8134
0.9087
0.4888
0.0007
0.1104
3.8185
0.0357
1.4090
0.1879
0.8717
0.4924
4.7405
0.4001
2.3873
0.1137
1.0787
0.6758
1.3599
0.7187
0.6666
0.4360
0.2116
0.3518
0.4759
0.0634
0.5424
1.1580
0.7561
0.1702
0.4699
1.4188
1.5685
0.7092
0.5546
1.5532
0.2916
0.8441
1.1429
0.7295
0.2606
1.3659
1.4626
1.4869
3.1528
1.3640
0.3250
0.0134
1.8035
0.5744
1.3813
1.1379
1.6961
2.5106
0.5130
0.6541
0.8275
1.8855
2.0865
1.3881
1.9415
0.0878
0.4414
0.0023
0.1298
0.5950
2.0260
1.0700
0.3777
0.1164
0.0184
0.3923
1.1889
0.8664
2.8585
0.7033
2.7966
2.3230
0.0345
0.3561
1.8356
0.9286
1.0134
1.1085
0.4476
0.0295
0.0579
0.0701
1.2787
0.3210
0.9803
0.2045
1.4277
0.4460
0.0240
0.9796
0.0687
4.0861
1.3052
1.5561
0.1369
0.0915
0.4844
2.6212
0.3478
0.1430
4.1244
3.5011
1.0310
1.0072
0.1222
1.0627
1.6499
0.5229
1.4463
0.3602
1.0563
0.4824
0.2535
2.8781
1.1279
0.0444
0.5615
1.3515
1.1747
0.3857
2.6959
0.0870
0.2902
2.9038
0.5325
1.0067
0.3707
0.1422
1.0022
2.9772
0.0679
0.3770
5.9022
0.4736
3.3728
0.0995
0.0812
1.8467
0.2240
0.7973
0.0659
2.0300
0.7034
0.4945
0.4479
0.6771
0.5198
0.2598
1.1098
1.3307
1.5896
0.3626
0.2923
0.4540
